32.74649
26.256185
20.332478
0.601182
0.356422
0.295112
0.2552
0.206037
0.164056
0.121961
0.078699
0.044658
~
32.331718
23.921585
23.150568
0.614848
0.356949
0.295912
0.255772
0.206826
0.164328
0.117882
0.082377
0.043442
~
32.044929
26.058395
19.67548
~
32.001943
24.883297
21.019359
0.605559
0.356621
0.295872
0.255611
0.206357
0.164082
0.118002
0.07655
0.043671
~
32.186152
24.367916
20.959569
0.629924
0.35644
0.295532
0.25527
0.206119
0.16383
0.117957
0.078312
0.043461
~
32.014997
25.599078
19.141142
~
32.067556
23.052659
20.242428
0.605986
0.357315
0.295525
0.2555
0.206135
0.16395
0.117724
0.076507
0.043454
~
32.096848
26.005874
20.260481
~
32.029857
23.765623
19.914573
0.607117
0.357064
0.295799
0.257265
0.206399
0.164021
0.117881
0.0766
0.043463
~
32.009727
26.624018
19.375359
0.670732
0.356455
0.29533
0.25541
0.208375
0.164102
0.117714
0.076546
0.043423
~
32.169408
27.183426
20.794649
0.60465
0.356371
0.295493
0.255384
0.206
0.164098
0.120812
0.078895
0.043721
~
32.262941
25.887978
20.209406
0.603654
0.356931
0.295693
0.255801
0.206188
0.164162
0.117852
0.076659
0.043386
~
32.024341
24.747722
19.974521
0.588135
0.356486
0.295568
0.255381
0.20634
0.16396
0.117962
0.076684
0.043485
~
31.999616
23.330681
20.231225
0.606406
0.356863
0.295901
0.255728
0.206687
0.164482
0.118169
0.076809
0.043676
~
32.055696
26.045662
20.520324
0.590207
0.35704
0.296089
0.255668
0.206922
0.164338
0.11827
0.078871
0.04372
~
32.066924
25.105176
21.163341
0.630082
0.356526
0.295284
0.255507
0.206265
0.164071
0.117797
0.076549
0.043444
~
32.018324
25.235093
19.545024
0.685552
0.356459
0.295303
0.255518
0.206293
0.163973
0.118093
0.076433
0.043566
~
32.024469
24.416272
20.402266
~
33.71556
24.220483
22.485233
0.671251
0.407907
0.3351
0.270487
0.213787
0.171298
0.122238
0.081095
0.043582
~
33.047441
26.703344
19.799982
0.663409
0.360007
0.299768
0.258621
0.209953
0.164234
0.120361
0.079752
0.044945
~
33.254319
26.074522
20.841671
0.681438
0.358351
0.297414
0.257216
0.208172
0.164716
0.121976
0.079399
0.043459
~
32.312334
31.235945
20.591166
~
32.721716
29.416772
21.19122
~
32.564132
25.198641
20.018284
1.113299
0.357764
0.29656
0.256333
0.206854
0.16687
0.118086
0.078743
0.043446
~
32.299374
24.901805
20.394873
~
32.535291
24.917323
20.828055
0.635933
0.361847
0.299279
0.259287
0.20811
0.167151
0.12169
0.078319
0.044138
~
32.333816
25.303241
21.866186
0.609273
0.360453
0.296697
0.256703
0.206479
0.165631
0.118367
0.076825
0.043488
~
32.21744
25.706644
19.532956
0.580561
0.356663
0.295664
0.256785
0.208077
0.165249
0.118233
0.078542
0.045172
~
32.400037
25.725706
18.768898
0.663289
0.356597
0.295796
0.255821
0.206357
0.164468
0.118059
0.0778
0.043675
~
32.26615
26.872039
20.576225
~
32.471499
24.956854
21.967194
19.523607
0.620712
0.299876
0.249289
0.199114
0.150712
0.116169
0.078067
0.044421
~
33.06862
24.885593
21.980201
16.157027
0.683241
0.313787
0.24809
0.19909
0.151187
0.110356
0.07842
0.044462
~
32.517345
24.595257
21.054267
15.712426
0.556529
0.298531
0.248344
0.199001
0.150551
0.111105
0.078638
0.043732
~
32.534016
29.585928
20.644167
15.979648
0.562441
0.296172
0.245603
0.197909
0.150099
0.112762
0.077852
0.044325
~
32.861183
23.115672
24.349252
15.428167
0.576026
0.297747
0.248278
0.198912
0.151558
0.110731
0.07951
0.044437
~
32.370318
25.168128
21.347594
17.052247
0.536736
0.296913
0.245966
0.198849
0.150649
0.110483
0.077255
0.04387
~
32.75399
24.168258
22.251606
17.882859
0.570439
0.297375
0.246919
0.19884
0.151013
0.112084
0.078791
0.044421
~
32.420794
26.680093
22.49553
15.296389
0.625358
0.300429
0.238932
0.201779
0.151595
0.111235
0.0789
0.044915
~
32.657085
24.42207
22.360126
15.794542
0.551535
0.297617
0.246732
0.199192
0.159217
0.112841
0.077487
0.047215
~
32.456857
25.244473
20.755913
15.479135
0.574293
0.301768
0.245564
0.199252
0.152093
0.110054
0.077522
0.044615
~
32.373484
23.640551
22.462002
17.373296
0.615229
0.296692
0.24597
0.199282
0.15176
0.115437
0.080622
0.047223
~
32.315694
25.536268
21.167692
15.885711
0.628718
0.295921
0.23665
0.198494
0.151477
0.113584
0.077525
0.045061
~
32.371915
24.080723
21.562879
18.506996
0.632924
0.296181
0.245627
0.198808
0.150698
0.112944
0.077367
0.044499
~
32.327076
24.587193
20.704347
15.493646
0.841998
0.295994
0.247847
0.199831
0.150312
0.109916
0.077001
0.043653
~
32.327644
29.661905
22.572027
18.29624
0.5797
0.295892
0.250676
0.19807
0.150357
0.112897
0.076776
0.043662
~
32.366049
24.197482
21.89465
16.092404
0.525207
0.295913
0.246452
0.197795
0.150206
0.11099
0.076744
0.043608
~
32.310008
23.749547
21.699767
14.939387
0.570171
0.297495
0.246305
0.201481
0.150214
0.116538
0.077517
0.044405
~
32.720426
23.986823
20.359811
16.119014
0.583354
0.297571
0.246108
0.199909
0.156952
0.104095
0.077261
0.043115
~
32.361535
29.873921
21.074441
16.367555
0.554944
0.301371
0.250784
0.198154
0.152115
0.104575
0.077991
0.053118
~
33.383325
23.495906
21.902557
15.151775
0.566049
0.296175
0.246395
0.19952
0.15034
0.109877
0.076878
0.043615
~
32.319031
25.100454
22.264759
15.898568
0.537318
0.295904
0.245231
0.198327
0.153417
0.113004
0.07713
0.043583
~
32.485215
25.504708
21.948766
15.212165
0.582466
0.296768
0.235601
0.198594
0.150244
0.109836
0.078082
0.043666
~
32.27531
24.026662
21.670959
17.484182
0.560072
0.296061
0.245699
0.197903
0.149913
0.112719
0.076526
0.043586
~
32.773728
23.332156
23.477075
15.216963
0.5657
0.296376
0.246178
0.198116
0.157394
0.104336
0.077194
0.043637
~
32.338049
24.413553
21.993154
14.744888
0.560429
0.29561
0.245255
0.197893
0.149963
0.109604
0.076611
0.043542
~
32.273452
24.092485
22.392197
15.427743
0.570717
0.295694
0.245441
0.197596
0.150148
0.112533
0.076668
0.043475
~
32.381494
25.566908
22.752843
16.611472
0.566522
0.297125
0.251751
0.204067
0.151428
0.113539
0.07883
0.043476
~
32.302063
23.51645
21.380855
15.414182
0.569437
0.295902
0.245518
0.198181
0.150161
0.109826
0.076719
0.043615
~
32.339778
24.582292
21.138659
18.685611
0.624902
0.295903
0.245502
0.198333
0.150099
0.112657
0.076727
0.043733
~
32.339874
23.626802
21.424669
17.420737
0.535536
0.295926
0.245482
0.198002
0.151759
0.111422
0.077073
0.043665
~
0.942683
0.810284
0.653513
0.403343
0.346959
0.302527
0.255997
0.215836
0.165164
0.118566
0.078929
0.043722
~
0.934413
0.754402
0.662548
0.404979
0.344599
0.302668
0.255682
0.215736
0.164262
0.118038
0.078651
0.043711
~
0.951442
0.776289
0.647002
0.405113
0.3479
0.309878
0.25788
0.215878
0.168928
0.122071
0.07975
0.044511
~
0.94263
0.809234
0.653148
0.400412
0.345903
0.301901
0.257857
0.21587
0.169012
0.118111
0.07875
0.043842
~
0.937964
0.779309
0.645636
0.400236
0.347377
0.302408
0.255996
0.21556
0.164374
0.11888
0.078715
0.04366
~
0.94018
0.703177
0.645908
0.400741
0.343695
0.303113
0.256324
0.216077
0.164736
0.118923
0.07902
0.04393
~
0.934532
0.774662
0.644873
0.399783
0.34309
0.301844
0.257984
0.215692
0.170428
0.119298
0.079042
0.043689
~
0.944473
0.779841
0.660427
0.402718
0.343472
0.30201
0.255965
0.215632
0.164247
0.118043
0.080915
0.045621
~
0.941577
0.795219
0.648179
0.408037
0.343273
0.302133
0.25706
0.219715
0.164376
0.118285
0.078735
0.04381
~
0.935315
0.779917
0.644746
0.400477
0.343684
0.302267
0.255919
0.215995
0.164251
0.123575
0.07875
0.04372
~
0.935437
0.756535
0.660607
0.402963
0.343662
0.302562
0.256068
0.216187
0.164882
0.118705
0.079218
0.043915
~
0.949048
0.855074
0.644555
0.399582
0.343262
0.302092
0.256238
0.215676
0.164463
0.118236
0.07865
0.043771
~
0.934893
0.776433
0.643702
0.400238
0.345661
0.302645
0.256397
0.216127
0.16485
0.118538
0.08302
0.043732
~
0.94108
0.776799
0.66647
0.400205
0.343321
0.30236
0.256364
0.216273
0.164429
0.118177
0.082458
0.043638
~
0.935523
0.838797
0.643503
0.399929
0.343498
0.302264
0.2563
0.215902
0.16438
0.118108
0.078676
0.043655
~
0.934965
0.777716
0.681137
0.400649
0.343585
0.302352
0.255731
0.215757
0.164493
0.125399
0.078911
0.043806
~
0.936706
0.913606
0.646674
0.399755
0.342925
0.30319
0.2563
0.216109
0.164814
0.118653
0.082999
0.043684
~
0.949147
0.835695
0.660543
0.401793
0.343494
0.302019
0.255761
0.215252
0.164164
0.120726
0.078745
0.045318
~
0.93604
0.753749
0.821025
0.400572
0.34374
0.302884
0.25636
0.216326
0.165059
0.118754
0.079261
0.043705
~
0.935154
0.721341
0.660561
0.400119
0.345553
0.302434
0.256181
0.216232
0.164918
0.118545
0.083031
0.043695
~
0.935287
0.701531
0.646527
0.400163
0.343178
0.302034
0.256013
0.215686
0.164412
0.118245
0.082443
0.043766
~
0.935577
0.7774
0.645008
0.400512
0.343116
0.303772
0.256286
0.216422
0.1643
0.118042
0.078842
0.04365
~
0.935372
0.815541
0.660384
0.40157
0.343573
0.302391
0.256344
0.216355
0.164843
0.118646
0.078832
0.044447
~
0.936965
0.776326
0.644083
0.407156
0.343319
0.302094
0.256069
0.216153
0.164065
0.118163
0.079043
0.043714
~
0.935135
0.775996
0.648942
~
0.934979
0.76201
0.657013
0.400558
0.347012
0.302321
0.256216
0.216015
0.164782
0.1214
0.078919
0.043979
~
0.93533
0.775171
0.664612
0.399712
0.343014
0.301999
0.255968
0.21566
0.164568
0.118128
0.078742
0.04368
~
0.935768
0.778988
0.644686
0.4006
0.345447
0.302587
0.256118
0.215803
0.164395
0.118314
0.078716
0.043817
~
0.936516
0.836448
0.646263
0.400696
0.343883
0.302463
0.255998
0.215838
0.165957
0.123857
0.078927
0.043752
~
0.934775
0.753681
0.643155
0.39968
0.343272
0.303391
0.256328
0.21632
0.164847
0.118731
0.079373
0.044037
~
30.486867
25.387936
20.783403
0.6333
0.357855
0.296874
0.256276
0.208691
0.164586
0.118402
0.0768
0.043632
~
30.409125
26.527724
21.681224
~
30.393955
24.806363
21.780166
0.607959
0.361072
0.300568
0.255946
0.206596
0.164056
0.118033
0.083725
0.043949
~
30.527867
25.94247
21.29384
2.342683
0.356549
0.295628
0.255765
0.206741
0.164073
0.117999
0.078462
0.043441
~
30.197839
24.423103
21.543444
2.24258
0.357453
0.299093
0.25576
0.207069
0.164765
0.118616
0.079047
0.043801
~
30.294087
23.019027
22.438639
0.597646
0.356833
0.29584
0.255536
0.206399
0.163987
0.118058
0.076712
0.04365
~
30.246021
24.215217
22.374475
0.632341
0.361809
0.297309
0.256729
0.207293
0.165042
0.118816
0.077091
0.044102
~
30.498898
23.827023
20.693269
0.630277
0.357526
0.296575
0.256313
0.206991
0.164859
0.118393
0.078916
0.043931
~
30.442477
24.032176
20.18832
1.960078
0.358923
0.296369
0.256413
0.207298
0.164857
0.118353
0.077024
0.044051
~
30.500989
24.490568
20.435226
0.64137
0.35722
0.296338
0.25646
0.207317
0.164714
0.118535
0.077896
0.044005
~
30.821732
24.158389
22.956429
0.631894
0.379939
0.305218
0.262369
0.214359
0.1706
0.123434
0.080506
0.046217
~
31.188288
23.400785
20.68794
0.680536
0.34658
0.301412
0.262455
0.210199
0.167941
0.119219
0.080612
0.044289
~
31.759032
23.931357
22.769279
0.619783
0.362234
0.301688
0.263137
0.217825
0.16836
0.118788
0.079129
0.044243
~
31.672609
23.958279
22.396721
0.654807
0.357408
0.296327
0.25616
0.206726
0.164494
0.118264
0.076868
0.043801
~
31.34325
24.630049
22.844945
0.632499
0.364704
0.305816
0.264251
0.214517
0.165497
0.121526
0.079488
0.045513
~
30.900904
28.866401
21.841523
0.63666
0.358362
0.295989
0.255752
0.206774
0.164202
0.118447
0.078863
0.043824
~
30.399358
24.160088
21.531312
0.67501
0.357035
0.296246
0.255932
0.207521
0.16473
0.118765
0.076813
0.043605
~
30.411893
24.821393
20.603642
0.656469
0.356951
0.295597
0.255471
0.206601
0.164046
0.117818
0.076545
0.043476
~
30.232086
23.857669
22.083716
0.634208
0.357618
0.296532
0.256466
0.207409
0.165014
0.118902
0.078226
0.043769
~
30.501335
24.467967
21.337564
1.117394
0.358212
0.296435
0.256192
0.207111
0.164377
0.118107
0.076651
0.043673
~
30.46243
24.17639
22.370296
0.631377
0.35848
0.298377
0.256489
0.207384
0.164888
0.118806
0.076946
0.043922
~
30.41453
23.967664
21.30532
1.10883
0.359076
0.295806
0.25607
0.206865
0.164336
0.118276
0.076761
0.04505
~
30.450444
23.229674
21.674011
0.589407
0.357512
0.296079
0.256065
0.207096
0.164423
0.118157
0.076856
0.043742
~
30.485874
23.80008
22.044989
0.62279
0.357152
0.296269
0.257086
0.206931
0.164179
0.117853
0.076875
0.043594
~
30.427943
23.157572
21.684398
0.596954
0.356354
0.296476
0.255836
0.206488
0.164336
0.118011
0.07678
0.043664
~
30.232497
24.840275
21.072277
0.647426
0.356583
0.295831
0.255455
0.206399
0.164336
0.118121
0.076691
0.043722
~
30.240831
24.400193
21.149722
0.611442
0.357046
0.295745
0.255675
0.20696
0.164235
0.118178
0.076732
0.043529
~
30.222641
24.174785
22.72704
0.614715
0.364146
0.30038
0.257404
0.233634
0.182399
0.119463
0.077375
0.043132
~
30.467807
24.518137
20.212678
2.125039
0.357129
0.295693
0.255609
0.206592
0.16422
0.117881
0.076494
0.043618
~
30.38613
24.169726
20.99476
0.596715
0.357602
0.296053
0.255631
0.207075
0.16447
0.118139
0.076568
0.043599
~
33.527653
22.883986
20.299751
0.655347
0.357147
0.296069
0.255894
0.206755
0.164637
0.118287
0.076849
0.043711
~
33.822381
25.635743
21.242319
0.594632
0.357662
0.296426
0.257443
0.2071
0.164674
0.118565
0.078843
0.043772
~
33.515871
26.15352
21.293731
0.607968
0.356637
0.295993
0.255655
0.206507
0.164571
0.118091
0.076722
0.043765
~
33.446201
27.727
21.533079
0.630381
0.357405
0.295953
0.25611
0.207016
0.164725
0.118081
0.076597
0.043493
~
33.457817
25.22855
20.456839
0.609452
0.35942
0.297991
0.258134
0.208522
0.165777
0.119101
0.077571
0.043918
~
33.613964
25.541877
22.271303
0.592033
0.356781
0.295799
0.255948
0.206632
0.164363
0.118681
0.078433
0.043129
~
33.450435
26.440549
20.210412
0.653109
0.357237
0.296542
0.263352
0.207549
0.165139
0.11891
0.076985
0.04386
~
33.503103
23.631652
20.756523
0.605915
0.357335
0.295951
0.255533
0.206581
0.164146
0.11796
0.078481
0.043604
~
33.526566
24.831476
21.040386
0.613634
0.356671
0.2958
0.255695
0.206377
0.164173
0.1179
0.078684
0.043474
~
33.592883
26.205983
20.422346
0.606312
0.356985
0.296328
0.25593
0.206863
0.16644
0.118102
0.07659
0.043585
~
33.454225
22.986653
20.991466
0.605861
0.357011
0.296
0.255678
0.206823
0.166449
0.118581
0.077048
0.043949
~
33.747558
25.210106
22.169106
0.674513
0.357027
0.296077
0.258255
0.209067
0.164998
0.118605
0.078452
0.044083
~
33.576226
24.195075
20.71187
0.623867
0.356779
0.295443
0.25571
0.2065
0.164045
0.117829
0.076778
0.043525
~
33.582956
23.491069
20.849358
0.718307
0.372621
0.296287
0.256398
0.208922
0.165312
0.118054
0.076646
0.045064
~
33.599041
25.398808
19.577093
0.636448
0.357274
0.295951
0.255599
0.206847
0.164251
0.117938
0.078704
0.044331
~
33.527317
24.18975
20.317535
0.644585
0.356321
0.297883
0.255429
0.206455
0.165418
0.118351
0.078622
0.043551
~
33.549906
24.476594
19.549968
0.589378
0.356614
0.295675
0.255621
0.206617
0.164175
0.118055
0.078476
0.043555
~
33.618664
26.671773
21.291652
0.594813
0.358981
0.296305
0.256388
0.207225
0.164898
0.118474
0.082502
0.048696
~
33.494287
24.499448
20.648069
0.61628
0.357976
0.296646
0.256518
0.207654
0.165041
0.117967
0.076443
0.043501
~
33.415627
25.650309
20.32987
0.608795
0.356949
0.295808
0.255697
0.208758
0.164102
0.117879
0.076589
0.043348
~
33.551764
27.009455
19.087332
0.606251
0.357167
0.296031
0.256152
0.20681
0.164561
0.118405
0.076712
0.043586
~
33.339756
24.566362
20.343683
~
33.373302
25.75888
19.743702
0.681316
0.357305
0.29613
0.255894
0.207133
0.164563
0.118437
0.077037
0.043739
~
33.381233
26.662686
20.675597
0.605632
0.35738
0.296012
0.256162
0.207313
0.164965
0.124494
0.080127
0.044235
~
33.444048
24.11287
21.954359
0.606428
0.357332
0.295917
0.255767
0.20665
0.164064
0.117894
0.078504
0.043536
~
33.524898
26.289326
21.344203
1.444544
0.35878
0.297204
0.25799
0.207421
0.16502
0.118651
0.077135
0.043965
~
33.574773
21.093174
21.882364
0.634765
0.358754
0.295952
0.256345
0.207275
0.16446
0.118108
0.078805
0.043836
~
33.546936
24.149781
21.101507
0.681194
0.359457
0.29614
0.256272
0.206906
0.164667
0.120252
0.077597
0.044294
~
33.530069
28.010413
21.584132
0.630518
0.356477
0.295453
0.255583
0.206663
0.164021
0.117983
0.077424
0.043708
~
33.554639
24.716256
21.779949
0.64941
0.357044
0.296189
0.255982
0.207143
0.164568
0.118199
0.076905
0.043758
~
27.972144
26.378433
20.815626
0.628993
0.356956
0.295968
0.25867
0.20707
0.164533
0.118361
0.078843
0.043876
~
28.095943
25.722312
19.380039
~
27.964991
25.510316
21.024811
0.580057
0.343021
0.295713
0.255621
0.206664
0.164423
0.117982
0.076786
0.04368
~
27.940565
23.03139
20.553549
0.658308
0.357075
0.296186
0.25606
0.207121
0.164631
0.118342
0.077158
0.043962
~
27.939254
24.930473
19.91427
0.624773
0.357695
0.296341
0.256169
0.207388
0.164826
0.11867
0.077055
0.043893
~
28.028879
24.962849
20.12683
~
28.461055
25.280842
19.706863
0.589249
0.357029
0.296107
0.255978
0.207041
0.164485
0.118147
0.077133
0.043895
~
28.393115
24.190006
22.775206
~
28.397663
25.300123
20.916514
0.609993
0.358722
0.297853
0.257381
0.210141
0.165836
0.120113
0.077302
0.043682
~
28.362731
25.173934
20.378741
~
28.33249
24.645918
19.943376
0.607834
0.344925
0.299357
0.258729
0.20829
0.165677
0.121698
0.077249
0.044172
~
28.155345
22.627272
20.585677
0.60663
0.359828
0.299353
0.257746
0.208355
0.166293
0.118578
0.077037
0.043816
~
28.225048
30.575861
21.488121
0.620486
0.356966
0.295779
0.256103
0.206495
0.164516
0.118066
0.076683
0.043676
~
28.088867
23.027876
20.262113
0.607767
0.357629
0.29637
0.260543
0.207861
0.165162
0.120902
0.079755
0.045321
~
28.319752
26.084704
20.199396
0.558681
0.357923
0.296833
0.257014
0.207692
0.164805
0.118478
0.077197
0.043924
~
28.638362
26.861791
20.723554
~
28.443013
23.589101
20.902997
~
28.164181
25.249783
20.648289
0.614196
0.357981
0.296793
0.257602
0.207476
0.165182
0.11886
0.079412
0.043988
~
28.239095
28.032757
20.133932
0.707678
0.358302
0.298991
0.257171
0.207801
0.16549
0.119163
0.077387
0.045971
~
28.170681
24.246233
20.065505
~
28.206584
25.305008
20.072268
~
28.183939
24.179668
19.679442
0.591873
0.345052
0.29732
0.257873
0.209267
0.165013
0.113295
0.077346
0.045683
~
28.137224
24.696619
20.218351
~
28.176194
23.250861
19.813453
~
28.097041
27.588933
21.365622
0.649154
0.358035
0.297114
0.257029
0.207902
0.165591
0.119095
0.077251
0.04387
~
28.205087
27.776196
21.396772
0.591742
0.342207
0.295094
0.255205
0.206277
0.163871
0.117741
0.078418
0.043516
~
27.989906
26.328517
21.568137
0.549059
0.356887
0.295993
0.255937
0.206782
0.164195
0.117776
0.076648
0.043511
~
28.059462
23.361258
20.700492
~
28.111693
24.148641
20.40552
0.611841
0.357952
0.29687
0.256928
0.207645
0.165502
0.118955
0.077405
0.043951
~
28.175055
23.855393
19.713989
0.631569
0.359036
0.296741
0.256895
0.207837
0.165385
0.119069
0.077532
0.044093
~
36.067382
23.064847
21.632524
0.661585
0.343479
0.295991
0.25587
0.206711
0.164409
0.117891
0.076639
0.043762
~
36.066753
22.528599
21.286814
0.654035
0.357028
0.296206
0.255817
0.206618
0.164332
0.117855
0.07664
0.043515
~
35.847393
24.40714
19.635329
0.607031
0.343116
0.295801
0.255742
0.206682
0.164093
0.117975
0.076722
0.043568
~
35.878637
24.099204
22.452204
0.58059
0.343408
0.29615
0.255763
0.206814
0.164213
0.117851
0.076692
0.043692
~
35.872486
24.357937
21.208831
~
35.94282
23.740388
20.137768
0.581462
0.356861
0.29566
0.255767
0.206455
0.16429
0.117884
0.076572
0.043641
~
35.994024
22.269431
20.306752
0.588614
0.356661
0.295674
0.255975
0.206534
0.164231
0.11782
0.076632
0.043638
~
35.91188
23.232953
20.743433
~
36.092159
24.613934
20.384567
0.601634
0.358345
0.297796
0.274296
0.219195
0.174511
0.127254
0.079421
0.044209
~
36.18326
25.767355
20.902065
0.572786
0.344238
0.296944
0.257088
0.208149
0.171838
0.119784
0.079306
0.04418
~
36.060885
25.082556
20.893566
0.581629
0.35799
0.296988
0.256846
0.207882
0.166438
0.119543
0.077521
0.044132
~
36.124709
23.473452
20.055535
1.01601
0.34424
0.29715
0.257512
0.208073
0.16592
0.119497
0.078276
0.044064
~
36.095806
26.501303
21.380318
0.627554
0.346748
0.297602
0.257116
0.208089
0.165713
0.119495
0.077636
0.04439
~
36.079686
25.61511
20.159537
0.592037
0.358606
0.297228
0.257126
0.207877
0.165243
0.120162
0.079812
0.044397
~
36.046272
29.094113
20.655688
0.557196
0.358142
0.296978
0.256914
0.207935
0.165568
0.119311
0.077339
0.044148
~
36.101282
25.935804
21.806473
~
36.25333
24.622175
19.829404
~
36.168695
22.829962
19.467543
0.646814
0.356753
0.295624
0.255941
0.206466
0.164373
0.118053
0.078887
0.043522
~
36.0037
24.222415
22.312509
0.565603
0.344251
0.296769
0.256784
0.208113
0.16548
0.119011
0.077189
0.044041
~
36.055774
26.093458
20.560312
0.599637
0.344285
0.297243
0.259504
0.207952
0.16512
0.118927
0.079336
0.044664
~
36.106306
25.424511
20.596507
0.635615
0.373486
0.299369
0.26354
0.210736
0.166786
0.120257
0.079305
0.044242
~
36.122022
24.678332
23.692199
0.606309
0.359936
0.300389
0.260735
0.208468
0.165388
0.113222
0.07733
0.045356
~
36.170045
24.316846
22.44545
0.551281
0.345862
0.29695
0.257522
0.208178
0.16558
0.119359
0.077503
0.044037
~
36.190158
24.505706
21.714327
~
36.053876
24.315863
20.468077
0.593819
0.358181
0.297033
0.257278
0.208365
0.166233
0.120535
0.079678
0.044193
~
36.156296
27.107415
20.953919
0.581885
0.350387
0.299557
0.262395
0.208345
0.165881
0.11875
0.078776
0.04446
~
36.188797
23.006077
19.40587
0.630354
0.346277
0.298122
0.257249
0.208275
0.165449
0.120712
0.077425
0.043991
~
36.15841
23.097551
21.934332
0.629178
0.358671
0.297998
0.257692
0.208483
0.165263
0.120037
0.077558
0.044148
~
36.280196
22.871366
20.736374
~
36.129178
22.214184
20.804575
0.683902
0.358611
0.296816
0.256772
0.20797
0.165108
0.118933
0.079124
0.044422
~
31.73786
27.349843
20.502791
~
31.739195
24.875538
22.277065
1.582032
0.357732
0.296521
0.256703
0.208739
0.164446
0.118058
0.076732
0.045827
~
31.725012
24.31175
19.578464
0.64831
0.356923
0.296135
0.255828
0.207121
0.164327
0.117985
0.079075
0.04582
~
31.727759
27.38853
22.378321
0.66587
0.359136
0.29744
0.257372
0.210572
0.167543
0.121471
0.079471
0.046274
~
31.861328
27.733263
20.770499
~
31.87122
30.154531
20.937246
~
31.775725
24.604356
20.231201
~
31.935304
26.952462
20.471202
0.600959
0.359384
0.297822
0.258104
0.209021
0.166344
0.120053
0.080671
0.045738
~
31.751812
24.673436
22.272706
0.680859
0.371153
0.301703
0.269309
0.211708
0.167812
0.123237
0.080089
0.046473
~
32.435959
27.420798
20.28519
0.604123
0.361114
0.297988
0.257606
0.208426
0.167892
0.121352
0.079335
0.046183
~
31.831369
27.012891
20.797695
0.662469
0.356769
0.295741
0.255851
0.206493
0.164259
0.118182
0.079158
0.046312
~
31.944997
27.012046
20.997495
0.567614
0.359018
0.297993
0.257866
0.209144
0.166274
0.119915
0.078597
0.045652
~
31.741771
26.119387
22.784748
0.575753
0.357161
0.296081
0.257352
0.209528
0.166459
0.120142
0.078601
0.045731
~
31.7492
25.582163
20.031658
0.6891
0.356617
0.296007
0.258389
0.208947
0.166481
0.119979
0.078593
0.045473
~
31.689725
27.733755
21.763421
0.608453
0.343056
0.295566
0.258394
0.209119
0.166452
0.12022
0.078615
0.045651
~
31.679279
24.433856
20.722094
0.601707
0.359843
0.300025
0.25594
0.209436
0.164615
0.118253
0.077732
0.045873
~
31.809667
22.668708
21.428282
0.636001
0.360469
0.299354
0.256682
0.20892
0.167218
0.120205
0.08086
0.045704
~
31.777065
25.526621
21.184135
~
32.305633
25.042988
21.341034
0.60239
0.359075
0.29841
0.256198
0.206863
0.164763
0.120523
0.080561
0.045616
~
31.880694
25.07658
22.085656
2.319146
0.3567
0.295887
0.258393
0.20727
0.164926
0.118671
0.080115
0.045971
~
31.742094
23.859984
23.886125
~
31.802949
25.76908
20.835654
0.610998
0.351677
0.297485
0.256485
0.209203
0.16684
0.118228
0.076951
0.043435
~
31.871854
23.504027
20.674764
0.716017
0.345451
0.299673
0.256007
0.207214
0.166511
0.120034
0.078569
0.045704
~
31.85043
25.276236
20.319648
0.635989
0.359575
0.298952
0.259664
0.210675
0.164903
0.120487
0.078852
0.045715
~
31.761334
24.043508
23.074846
~
31.753903
25.704137
21.148504
0.606842
0.357141
0.298962
0.256844
0.207073
0.164548
0.118348
0.07868
0.045719
~
31.748375
26.357078
24.715207
0.620131
0.359238
0.299524
0.258565
0.20909
0.166412
0.12003
0.078856
0.045528
~
31.838157
26.866745
21.036632
0.593024
0.358366
0.297187
0.259524
0.210023
0.166865
0.121491
0.077099
0.043897
~
31.769648
26.988965
22.009965
~
31.897702
24.348802
22.844606
1.196561
0.360139
0.298618
0.258883
0.209391
0.166437
0.120445
0.084584
0.045605
~
1.087277
1.197786
0.669529
0.421
0.346543
0.305379
0.26057
0.217687
0.166155
0.119923
0.0804
0.04557
~
1.084968
1.063635
0.698329
0.40099
0.34604
0.302275
0.257692
0.217774
0.166224
0.120172
0.084441
0.045493
~
1.081184
1.325226
0.669528
0.403394
0.345626
0.304944
0.258896
0.218668
0.167072
0.118752
0.082886
0.043797
~
1.083205
0.927128
0.704866
0.404055
0.347137
0.30564
0.258532
0.217704
0.166266
0.119929
0.080494
0.045539
~
1.079374
1.155135
1.000695
0.402833
0.345225
0.305772
0.255965
0.215706
0.166106
0.120141
0.084501
0.045516
~
1.078906
1.049836
0.664893
0.402253
0.344885
0.304366
0.258015
0.217619
0.167014
0.119932
0.080328
0.045463
~
1.078516
1.038026
0.665564
0.40318
0.346183
0.305095
0.259125
0.218316
0.166764
0.120217
0.084299
0.045692
~
1.084805
1.002814
0.674751
0.404862
0.347625
0.304371
0.258411
0.217826
0.166227
0.119998
0.080305
0.045428
~
1.079618
1.118781
0.702648
0.402602
0.345014
0.304572
0.255883
0.216534
0.164306
0.119628
0.084903
0.045528
~
1.079542
1.05345
0.688695
0.442748
0.345759
0.305098
0.257094
0.218475
0.167114
0.120342
0.080735
0.045758
~
1.083951
1.462785
1.298921
0.403165
0.343881
0.302306
0.258249
0.217907
0.166187
0.119958
0.08422
0.045526
~
1.082918
1.153022
0.85221
0.400103
0.347375
0.305425
0.25629
0.215893
0.164555
0.119713
0.084617
0.045469
~
1.078805
0.994706
0.668733
0.400385
0.343415
0.302296
0.256143
0.215949
0.164961
0.118477
0.078926
0.04376
~
1.080969
0.996619
0.67633
0.402679
0.348138
0.303617
0.259012
0.218539
0.16673
0.120209
0.084618
0.045685
~
1.082959
1.331299
0.689972
0.403456
0.346104
0.306222
0.258831
0.219106
0.166804
0.129233
0.08292
0.044059
~
1.08491
1.163555
0.691756
0.404012
0.345396
0.303822
0.259781
0.218184
0.166246
0.119968
0.084331
0.045572
~
1.078538
1.017553
0.660838
0.400133
0.34321
0.30196
0.256114
0.215766
0.165136
0.11872
0.079026
0.043906
~
1.08715
0.951163
0.67081
0.402786
0.345982
0.304925
0.259087
0.218572
0.16699
0.120531
0.084578
0.045769
~
1.083371
1.098442
0.668852
0.404182
0.344822
0.303326
0.258874
0.218398
0.166777
0.120528
0.085009
0.045754
~
1.081931
1.780378
0.667262
0.403678
0.346986
0.306175
0.257151
0.218695
0.166962
0.120363
0.084838
0.045696
~
1.083233
1.022204
0.650595
0.403258
0.345797
0.307117
0.256629
0.218614
0.166638
0.120339
0.080644
0.045672
~
1.083207
1.079414
0.688869
0.400156
0.343166
0.304187
0.258356
0.218092
0.166208
0.120086
0.080531
0.045679
~
1.079299
1.615149
0.821215
0.40204
0.345199
0.30295
0.256019
0.216539
0.164533
0.118107
0.082504
0.043663
~
1.074576
1.126176
0.666565
0.408249
0.346126
0.302806
0.258447
0.217842
0.166418
0.120774
0.084538
0.045796
~
1.084695
1.016864
0.662428
0.401349
0.343483
0.302517
0.257391
0.217888
0.166343
0.119831
0.084497
0.045817
~
1.080341
1.159343
0.979878
0.402313
0.345137
0.303882
0.258404
0.21799
0.166338
0.120158
0.080608
0.045659
~
1.079613
1.330311
0.820226
0.400634
0.343343
0.303334
0.256349
0.215683
0.164848
0.118508
0.078938
0.043941
~
1.07888
1.145205
0.650257
0.401086
0.348039
0.305171
0.259099
0.218299
0.166817
0.120136
0.084571
0.045665
~
1.083485
1.114737
0.668586
0.401629
0.344808
0.303833
0.258511
0.21755
0.166218
0.119896
0.084295
0.045439
~
1.078966
1.028481
0.663924
0.40202
0.345825
0.302102
0.256065
0.217115
0.166308
0.121312
0.080216
0.045925
~
34.438995
25.778996
19.907195
0.591636
0.358719
0.297566
0.257934
0.20869
0.166272
0.119782
0.078345
0.045321
~
34.472755
35.995442
25.39061
0.598354
0.360347
0.300023
0.25679
0.209544
0.166867
0.120351
0.078784
0.045719
~
34.524457
25.288342
21.094844
0.589225
0.359268
0.298141
0.259518
0.209241
0.169115
0.118967
0.08267
0.043898
~
34.446259
26.613649
19.638872
0.611682
0.357814
0.296946
0.256501
0.207263
0.16497
0.118653
0.076916
0.043793
~
34.516118
25.775283
20.49539
0.615212
0.359339
0.296305
0.258072
0.209565
0.16611
0.119844
0.080436
0.045465
~
34.449505
71.475948
21.777658
0.619307
0.357158
0.296639
0.25604
0.207301
0.164447
0.119636
0.080822
0.045671
~
34.489587
25.270935
22.233148
0.597539
0.359823
0.296177
0.258769
0.209689
0.166768
0.121123
0.078573
0.045688
~
34.54718
25.839564
21.110396
0.598504
0.365854
0.297695
0.258891
0.208825
0.16472
0.120089
0.080413
0.045377
~
34.8211
41.387838
21.772961
0.958755
~
34.592767
75.40043
21.228617
~
34.344667
28.905449
21.670625
~
34.252674
24.930477
21.668701
0.605278
0.356749
0.299392
0.255399
0.206595
0.163841
0.117704
0.076697
0.0433
~
34.278724
26.728475
24.001477
0.631457
0.356888
0.295759
0.255777
0.206717
0.164228
0.11822
0.076696
0.045369
~
34.522996
27.33305
22.492872
0.591998
0.36396
0.296709
0.257992
0.208589
0.166202
0.119835
0.078433
0.045447
~
34.449563
29.03023
21.821387
0.593321
0.359534
0.295966
0.255549
0.206588
0.166011
0.119913
0.080135
0.045299
~
34.40271
26.098082
22.174047
57.595165
~
34.402853
45.956258
21.362376
0.59344
0.357396
0.296585
0.255872
0.207002
0.164274
0.118406
0.078606
0.043747
~
34.509395
26.237171
21.107605
0.671634
0.359098
0.297573
0.258335
0.20876
0.166018
0.119677
0.080213
0.045398
~
34.492859
40.433758
25.088059
0.588708
0.35737
0.297608
0.257621
0.208307
0.165846
0.119458
0.078127
0.045368
~
34.397813
29.8883
21.803702
0.635787
0.357491
0.297589
0.257497
0.208251
0.16664
0.119594
0.07819
0.045426
~
34.407748
26.767425
21.050174
0.595492
0.357788
0.297455
0.256942
0.210728
0.165833
0.121057
0.078647
0.043181
~
34.932155
29.166383
22.300674
0.601346
0.360943
0.299773
0.259661
0.209388
0.166052
0.120397
0.077385
0.043534
~
34.664599
25.189068
22.777112
0.701264
0.36692
0.314503
0.290699
0.230257
0.182677
0.128516
0.081986
0.045723
~
35.10382
27.398648
21.349934
0.590814
0.357762
0.296606
0.258924
0.207033
0.164342
0.118114
0.07744
0.044211
~
34.451774
27.184427
24.683926
0.59192
0.358459
0.296621
0.257485
0.207567
0.165293
0.118784
0.077243
0.044194
~
34.424044
59.997052
22.63153
0.592767
0.360506
0.301069
0.255824
0.207185
0.16424
0.118961
0.079255
0.044417
~
34.394054
32.822041
21.962878
0.630548
0.35788
0.298862
0.25665
0.20752
0.165013
0.118926
0.079322
0.044252
~
34.479832
30.020839
20.878091
0.590287
0.357649
0.296514
0.256368
0.207336
0.164795
0.118614
0.078694
0.043664
~
34.378358
26.628262
21.024197
0.581387
0.359076
0.29674
0.256502
0.208522
0.16527
0.118756
0.077495
0.04447
~
34.430448
82.635125
24.77842
0.614282
0.357887
0.298098
0.256843
0.207591
0.165138
0.120638
0.083163
0.044364
~
31.121566
25.555661
21.555575
15.719666
0.523425
0.298019
0.246747
0.201576
0.150995
0.113419
0.077372
0.04426
~
30.655131
23.934289
22.087665
15.742933
0.59626
0.297981
0.246365
0.198832
0.151008
0.107881
0.077785
0.0454
~
30.636149
23.953461
24.106095
16.166141
0.56726
0.296994
0.235762
0.198736
0.15077
0.113369
0.077927
0.044495
~
30.64529
25.507405
22.168084
18.262874
0.594461
0.301356
0.249642
0.20395
0.152582
0.116643
0.094168
0.057258
~
30.992018
25.37791
21.581194
18.454594
0.82443
0.303598
0.236884
0.201398
0.154592
0.114337
0.077884
0.043886
~
31.188577
24.597545
20.061518
17.03879
0.509796
0.297494
0.245609
0.198036
0.149882
0.115291
0.076978
0.043618
~
30.639815
24.486393
22.497816
15.831267
0.579704
0.295879
0.24624
0.197774
0.150275
0.109686
0.076645
0.043661
~
30.597758
25.546344
24.715861
15.484828
0.595042
0.296143
0.245019
0.19767
0.149979
0.109554
0.076675
0.043235
~
30.617723
25.131223
21.267311
17.66013
0.581439
0.296169
0.24587
0.197961
0.150196
0.109841
0.077568
0.043885
~
30.628433
24.459081
21.26274
16.676043
0.59137
0.296412
0.245455
0.198581
0.150023
0.10983
0.076654
0.044064
~
30.591224
26.75178
21.506431
15.366991
0.551867
0.295843
0.246038
0.198044
0.150433
0.115113
0.076805
0.043707
~
30.619464
24.342734
20.837585
16.258765
0.613062
0.295759
0.24548
0.197826
0.149989
0.109636
0.076737
0.043748
~
30.821321
24.9552
22.185504
19.793326
0.566994
0.295918
0.246687
0.198292
0.15001
0.110037
0.07684
0.043812
~
30.743015
27.234585
21.054499
16.911493
0.695827
0.304879
0.251378
0.19826
0.150067
0.112667
0.076806
0.044101
~
30.644761
24.306137
20.471893
15.900758
0.731375
0.296281
0.235374
0.20074
0.150199
0.10968
0.076946
0.043867
~
30.608027
24.252598
22.36641
14.771369
0.541229
0.298002
0.246387
0.198314
0.150034
0.112499
0.07702
0.043833
~
30.555012
24.219028
21.980142
15.817108
1.045079
0.296672
0.245406
0.198273
0.150374
0.109934
0.077902
0.043779
~
30.623734
24.413761
22.672407
16.611402
0.526551
0.295812
0.246211
0.201908
0.150414
0.109716
0.076696
0.043803
~
30.549654
23.573266
20.668679
15.957157
0.552309
0.296278
0.245223
0.19811
0.149938
0.109844
0.076789
0.043662
~
30.540298
24.646015
20.651552
15.574251
0.60751
0.295639
0.245579
0.19802
0.150046
0.107261
0.076683
0.043656
~
30.390145
24.749029
21.74655
15.756333
0.50962
0.295992
0.245224
0.198028
0.150041
0.112455
0.076577
0.043393
~
30.439091
25.157049
21.621098
14.824502
0.52705
0.295911
0.245756
0.197934
0.150479
0.109876
0.076819
0.043705
~
30.684886
24.577554
21.272287
16.592189
0.612746
0.299879
0.239759
0.201604
0.151188
0.117588
0.084265
0.052709
~
31.008568
23.643295
22.363132
18.66126
0.558185
0.296661
0.245832
0.198351
0.150255
0.111807
0.076955
0.043977
~
30.812376
24.454266
23.080523
17.685029
0.572839
0.298742
0.248489
0.199057
0.153299
0.110202
0.078309
0.043882
~
30.840209
25.471082
22.084879
16.615738
0.572379
0.296847
0.250832
0.200016
0.15016
0.11017
0.077062
0.043873
~
30.728692
24.341315
22.960741
15.998576
0.816386
0.298593
0.249218
0.20081
0.15175
0.110259
0.077071
0.045376
~
30.75958
24.407341
20.974741
17.628761
0.555839
0.297174
0.246489
0.198678
0.150552
0.104739
0.078936
0.043959
~
30.648517
24.040855
20.344562
18.764657
0.586664
0.29939
0.235677
0.198879
0.150782
0.110641
0.07811
0.043806
~
30.613892
25.643433
24.818347
15.197096
0.526927
0.295986
0.245394
0.199022
0.150465
0.109938
0.076995
0.043547
~
30.423165
23.803951
20.61262
0.664388
0.343106
0.295686
0.256117
0.206936
0.164452
0.118131
0.076929
0.043775
~
30.497287
26.119376
21.943595
0.699948
0.357284
0.298028
0.25603
0.206771
0.164473
0.118198
0.076892
0.043841
~
30.74026
27.490538
24.117076
0.655362
0.357199
0.296363
0.256275
0.20686
0.164592
0.11806
0.078776
0.043568
~
30.448447
25.399343
20.041282
0.606283
0.343139
0.296315
0.257141
0.207141
0.164332
0.118032
0.076853
0.043841
~
30.496329
25.316102
21.90871
0.672438
0.3567
0.29569
0.255894
0.20664
0.164136
0.112609
0.076707
0.043705
~
30.262613
25.253729
21.773396
0.625334
0.358236
0.296219
0.256296
0.206839
0.16457
0.118137
0.076834
0.043628
~
30.52014
25.295343
19.489385
~
30.437452
23.48016
21.302685
0.615434
0.356545
0.295745
0.25563
0.2064
0.164161
0.117901
0.076743
0.043684
~
30.424854
23.944243
23.221929
0.687148
0.357162
0.295937
0.255955
0.206686
0.164052
0.118146
0.076763
0.043787
~
30.372257
24.166892
21.083076
1.063811
0.35725
0.296475
0.255989
0.207028
0.16453
0.118427
0.078817
0.043747
~
30.423394
24.307392
20.948199
0.600192
0.356975
0.295669
0.25561
0.206657
0.164151
0.117974
0.076844
0.043725
~
30.2921
23.858366
20.079627
0.590399
0.356864
0.295863
0.256121
0.206697
0.164156
0.117932
0.07668
0.043727
~
30.335493
27.969446
21.969003
0.663615
0.356904
0.295866
0.255977
0.206658
0.164239
0.118073
0.076677
0.043699
~
30.472184
24.527109
21.387616
0.656214
0.356968
0.295973
0.25591
0.206954
0.164657
0.118294
0.077002
0.043945
~
30.303612
24.871299
22.762568
0.702102
0.35919
0.296213
0.256159
0.206781
0.16475
0.118308
0.078923
0.044027
~
30.326711
23.637308
25.199649
0.650898
0.35696
0.296135
0.255872
0.207147
0.164694
0.118314
0.078971
0.043892
~
30.298787
24.27039
21.076578
0.670636
0.357257
0.296498
0.25604
0.207208
0.164736
0.118403
0.077018
0.043817
~
30.382375
24.805343
21.060446
1.085119
0.356849
0.299888
0.255959
0.206843
0.16422
0.117926
0.076607
0.043606
~
30.313638
24.25484
20.970763
~
30.434394
23.658773
20.604236
0.614428
0.357145
0.296027
0.25609
0.20668
0.164366
0.118001
0.076787
0.043738
~
30.281908
24.826734
21.650391
1.813236
0.356833
0.295947
0.256016
0.206833
0.164178
0.118074
0.076774
0.043679
~
30.25561
26.234622
20.906189
0.685946
0.356781
0.295698
0.25563
0.206682
0.164267
0.118079
0.07657
0.043489
~
30.262283
24.977108
21.528967
0.623996
0.357219
0.296128
0.256037
0.206866
0.164678
0.118377
0.077049
0.043957
~
30.298954
25.113275
19.67419
0.589355
0.356703
0.295867
0.256252
0.206716
0.164108
0.118051
0.078622
0.043697
~
30.327661
25.2629
19.714045
0.687654
0.35753
0.296309
0.255975
0.206901
0.164628
0.118628
0.077024
0.043911
~
30.365061
24.73471
21.041771
0.623795
0.356732
0.295931
0.255961
0.206653
0.164098
0.117994
0.076745
0.043792
~
30.319914
25.646925
21.648304
0.670411
0.356691
0.295766
0.256009
0.206762
0.164372
0.117961
0.076741
0.043685
~
30.328534
25.182616
22.033159
0.63131
0.357906
0.296024
0.256003
0.206655
0.164554
0.118032
0.07676
0.043849
~
30.361842
23.749201
20.160021
1.47368
0.356923
0.295639
0.255795
0.206652
0.164166
0.118096
0.078598
0.04367
~
30.260504
25.177544
22.079302
0.655938
0.357242
0.296307
0.255947
0.20713
0.164725
0.118377
0.077082
0.043831
~
27.475015
25.113371
20.038221
0.633349
0.357017
0.295828
0.255677
0.206894
0.164149
0.118136
0.076789
0.043743
~
27.558185
22.430924
20.601475
0.606266
0.356957
0.295915
0.256266
0.206745
0.164811
0.118378
0.076992
0.044025
~
27.606529
25.377673
20.786213
1.619487
0.356867
0.295971
0.256107
0.206871
0.16456
0.118505
0.077068
0.043998
~
27.462642
22.739258
20.67904
0.647416
0.357259
0.296387
0.256226
0.207206
0.164844
0.118475
0.077045
0.043956
~
27.586561
23.428824
20.497678
0.598056
0.356753
0.295761
0.255525
0.20852
0.16435
0.11793
0.076675
0.043548
~
27.535031
24.605478
21.196965
0.655522
0.357154
0.296033
0.255979
0.206661
0.164631
0.118288
0.077053
0.043945
~
27.561953
24.847994
20.533064
0.655461
0.356974
0.295837
0.255775
0.206898
0.164246
0.117873
0.076713
0.043572
~
27.437759
23.327872
20.156889
~
27.545436
22.774231
20.330278
0.606784
0.357057
0.296245
0.256075
0.206745
0.164595
0.118407
0.07698
0.044036
~
27.581358
23.617518
20.668939
~
27.621989
24.01542
21.363247
0.606681
0.357461
0.296213
0.256481
0.206985
0.164813
0.118167
0.076925
0.043778
~
27.433648
23.4512
22.709012
0.621831
0.357162
0.296476
0.256039
0.206806
0.164185
0.118123
0.078731
0.04378
~
27.486879
23.614675
20.559646
0.66475
0.357092
0.295922
0.256244
0.206863
0.164396
0.11794
0.076769
0.043733
~
27.477651
23.835746
21.021227
0.614089
0.357474
0.296354
0.256096
0.207167
0.164767
0.118457
0.077098
0.043969
~
27.494097
23.896704
22.390453
1.425509
0.356874
0.2961
0.256211
0.206668
0.164439
0.11807
0.076663
0.043678
~
27.428041
23.491143
19.709522
0.704751
0.357131
0.296048
0.255833
0.206764
0.16466
0.118269
0.077084
0.044071
~
27.500281
25.021776
20.497663
~
27.619657
26.278824
19.980656
0.590706
0.357085
0.295981
0.256262
0.20701
0.164308
0.118208
0.076715
0.043694
~
27.596134
25.583027
20.380661
~
27.579175
24.264386
20.912575
0.607839
0.357244
0.296191
0.25654
0.207
0.164302
0.118145
0.07886
0.043822
~
27.602393
26.365911
21.527106
0.631188
0.356961
0.296168
0.256006
0.206823
0.164477
0.118428
0.076861
0.043972
~
27.520993
23.281767
20.313241
0.630371
0.356738
0.295415
0.255458
0.206562
0.163998
0.117851
0.07644
0.043411
~
27.517367
24.356166
21.341964
0.686445
0.356772
0.295744
0.255877
0.206613
0.164502
0.118233
0.076897
0.043746
~
27.441661
25.557486
20.912124
0.605963
0.357023
0.295889
0.256022
0.206715
0.164375
0.117923
0.078513
0.043765
~
27.466953
24.489617
19.661632
0.631067
0.357037
0.295741
0.255843
0.206681
0.164157
0.117946
0.078501
0.04364
~
27.489873
24.016976
22.460022
~
27.464899
24.385217
21.130003
0.68723
0.357112
0.295834
0.256077
0.207229
0.164637
0.117965
0.076748
0.04373
~
27.411692
25.630763
20.675516
~
27.458249
24.876342
19.973343
0.605431
0.357224
0.295884
0.25615
0.206737
0.164122
0.117968
0.078529
0.043661
~
27.419278
24.846006
21.757245
0.663211
0.356868
0.295654
0.256112
0.206643
0.164223
0.117873
0.076671
0.043756
~
0.901107
0.837687
0.697173
0.399561
0.342904
0.301787
0.256089
0.215383
0.164326
0.117946
0.08236
0.043629
~
0.901003
0.789438
0.607188
0.39972
0.342794
0.301581
0.255928
0.215348
0.164386
0.120361
0.080662
0.045822
~
0.905699
0.781164
0.643931
0.402377
0.345539
0.304369
0.25854
0.217635
0.166905
0.120441
0.080617
0.045801
~
0.905229
0.863151
0.665497
0.402228
0.345098
0.301589
0.258853
0.217816
0.166998
0.120396
0.080636
0.045911
~
0.905115
0.842084
0.687697
0.402952
0.345652
0.304326
0.259117
0.217753
0.166978
0.12033
0.080678
0.04586
~
0.910114
0.838393
0.681364
0.400312
0.343273
0.302316
0.256199
0.217846
0.167001
0.12031
0.080627
0.045793
~
0.905982
0.791949
0.646299
0.402489
0.34586
0.304445
0.258545
0.21779
0.166818
0.120547
0.084661
0.045741
~
0.905553
0.791076
0.660835
0.399437
0.342688
0.301709
0.255441
0.215175
0.16416
0.120636
0.084559
0.045883
~
0.905727
0.822456
0.683489
0.40268
0.345556
0.304424
0.25865
0.21768
0.166878
0.120485
0.084588
0.046016
~
0.905729
0.823176
0.700084
0.402548
0.348154
0.304521
0.258582
0.217715
0.166934
0.120385
0.08069
0.046043
~
0.906059
0.821314
0.656969
0.402442
0.345722
0.304589
0.258488
0.217565
0.166862
0.120521
0.080694
0.045948
~
0.905181
0.781084
0.701697
0.402281
0.345631
0.304757
0.258682
0.217658
0.166847
0.120477
0.080672
0.045882
~
0.904814
0.783833
0.696396
0.400268
0.343285
0.302547
0.255789
0.215648
0.164405
0.118252
0.078772
0.043652
~
0.905427
0.781371
0.681262
0.402647
0.345551
0.304553
0.258569
0.217909
0.166943
0.120377
0.08073
0.045803
~
0.905624
0.781219
0.685745
0.402415
0.34571
0.305167
0.258611
0.217868
0.166888
0.120357
0.080707
0.045737
~
0.905341
0.780924
0.684705
0.402391
0.345594
0.304483
0.258526
0.217746
0.166897
0.120387
0.080659
0.045871
~
0.904731
0.773394
0.626736
0.402316
0.345774
0.304399
0.258542
0.217715
0.16689
0.120406
0.080756
0.04584
~
0.905172
0.781236
0.627549
0.402396
0.345538
0.304162
0.25843
0.217733
0.166921
0.120273
0.084498
0.04589
~
0.905313
0.840683
0.665754
0.402751
0.345297
0.304453
0.258557
0.217632
0.166846
0.120307
0.080679
0.045787
~
0.905518
0.812864
0.689888
0.40235
0.345595
0.30453
0.258549
0.217651
0.166924
0.120357
0.080738
0.045743
~
0.905308
0.771556
0.627591
0.402313
0.345695
0.304219
0.258638
0.217643
0.166956
0.120423
0.080654
0.045849
~
0.905345
0.781166
0.664326
0.402754
0.345439
0.30458
0.258403
0.217665
0.167301
0.12043
0.0846
0.045752
~
0.908404
0.771854
0.627759
0.402675
0.345737
0.304363
0.258832
0.217713
0.166997
0.120266
0.080554
0.045879
~
0.905258
0.822225
0.627106
0.402553
0.345557
0.30427
0.25876
0.217852
0.166949
0.1204
0.080658
0.045738
~
0.905302
0.841287
0.684586
0.402772
0.345471
0.304356
0.258886
0.217728
0.166914
0.120327
0.080725
0.04577
~
0.905386
0.773558
0.626945
0.402566
0.345383
0.304549
0.258614
0.217767
0.166935
0.120357
0.080601
0.045808
~
0.904941
0.882146
0.664658
0.400046
0.343039
0.302185
0.255566
0.215511
0.164633
0.118168
0.082667
0.043598
~
0.906408
0.841245
0.686184
0.402657
0.345432
0.304374
0.258765
0.218213
0.166993
0.120269
0.084394
0.04596
~
0.914129
0.824938
0.640971
0.400761
0.359201
0.303047
0.284535
0.221853
0.164698
0.121529
0.085027
0.044117
~
0.911435
0.779722
0.64268
0.399872
0.343256
0.305133
0.258858
0.218186
0.167145
0.120484
0.084759
0.045936
~
30.636824
24.500402
19.582784
0.640682
0.356698
0.295696
0.255595
0.206567
0.163981
0.117844
0.076393
0.043336
~
30.297971
24.779402
19.309421
0.654616
0.356599
0.295566
0.259023
0.20882
0.167015
0.120455
0.076516
0.043377
~
30.367615
24.132194
23.633857
0.639101
0.35654
0.295568
0.255566
0.206759
0.16395
0.117766
0.076545
0.043291
~
30.300476
24.795097
21.537186
0.630285
0.356599
0.295535
0.255412
0.206493
0.164086
0.120458
0.078675
0.045724
~
30.493652
25.127752
21.170637
0.580992
0.356516
0.295614
0.25569
0.206351
0.164013
0.117771
0.076439
0.043351
~
30.528208
23.892685
22.268801
0.595842
0.35688
0.296019
0.255693
0.206948
0.164604
0.119823
0.078715
0.045734
~
30.487026
23.101673
21.726366
1.800733
0.35658
0.295712
0.255672
0.20653
0.164124
0.117908
0.076478
0.043373
~
30.504244
27.767767
23.902134
~
30.335417
25.960286
20.309581
0.63022
0.34327
0.296011
0.255982
0.206798
0.164515
0.118046
0.078964
0.045683
~
30.462955
24.383628
20.097101
0.591349
0.356525
0.295686
0.255569
0.206424
0.164346
0.118189
0.076672
0.043645
~
30.945914
24.980368
19.281819
0.623287
0.356452
0.298892
0.258692
0.208888
0.166882
0.120342
0.080605
0.045774
~
30.47497
25.768999
22.580886
~
30.273585
24.825234
21.28844
1.06621
0.356596
0.295548
0.25528
0.206493
0.167066
0.1203
0.078791
0.045768
~
30.462695
23.726517
21.358011
0.594872
0.359425
0.298449
0.258638
0.208815
0.166943
0.120356
0.078778
0.045763
~
30.479776
24.249354
21.49626
0.591654
0.357205
0.296071
0.255984
0.206554
0.164549
0.120401
0.078883
0.04586
~
30.713326
25.087119
21.986521
0.914375
0.356773
0.295904
0.255687
0.206868
0.164449
0.118005
0.076642
0.043498
~
30.32467
23.731329
22.340409
0.661106
0.359624
0.298998
0.258441
0.209287
0.166927
0.120232
0.078705
0.045676
~
30.447648
27.365997
20.99197
0.588725
0.356998
0.296164
0.255734
0.206705
0.164433
0.118231
0.076774
0.043572
~
30.636495
24.011676
21.629134
0.668523
0.359262
0.298354
0.25845
0.208733
0.166784
0.120347
0.080773
0.045752
~
30.476445
23.807636
21.326018
1.553794
0.356772
0.296015
0.255827
0.206665
0.164397
0.120511
0.078737
0.045761
~
30.448648
23.403797
22.247248
0.675015
0.359392
0.298275
0.258567
0.208779
0.167098
0.120308
0.078752
0.045682
~
30.633324
25.516911
22.61028
0.618444
0.359151
0.298279
0.258467
0.208839
0.166969
0.12033
0.078669
0.045769
~
30.494141
27.021661
22.320638
0.668045
0.359283
0.298137
0.258341
0.208945
0.164049
0.117822
0.07656
0.043311
~
30.52823
25.120601
20.273169
0.631773
0.356406
0.295629
0.255488
0.206652
0.163967
0.117778
0.076392
0.045895
~
30.483045
26.471821
20.044796
0.624837
0.343131
0.295922
0.256542
0.206789
0.164462
0.118429
0.076899
0.044568
~
30.47785
24.046438
21.662381
0.628169
0.359273
0.298161
0.258659
0.208798
0.166832
0.12045
0.07878
0.045788
~
30.453749
27.119094
22.04366
0.646239
0.359448
0.299683
0.256422
0.206575
0.16392
0.120596
0.084584
0.045889
~
30.496037
26.066333
21.099028
0.642058
0.356979
0.295644
0.255367
0.206499
0.164138
0.117785
0.07638
0.043308
~
30.359752
26.383284
19.859515
0.574842
0.361262
0.301191
0.255683
0.206457
0.164037
0.117675
0.078371
0.04593
~
30.468449
23.442868
19.727619
0.601887
0.345358
0.29837
0.258816
0.209038
0.16687
0.120378
0.078724
0.045736
~
31.92132
27.904197
21.13004
0.66383
0.356601
0.295597
0.25574
0.206441
0.164153
0.117658
0.076503
0.043275
~
31.825373
26.627926
20.15077
0.699843
0.359379
0.298277
0.258813
0.208824
0.166835
0.120501
0.078608
0.045793
~
31.914616
27.054562
21.347284
2.34971
0.359489
0.298314
0.258873
0.208732
0.167044
0.120169
0.078664
0.045687
~
31.901788
26.944535
22.70892
0.572469
0.35705
0.296224
0.256022
0.20672
0.164319
0.118317
0.076991
0.044123
~
31.921125
25.378046
19.764666
0.659179
0.357205
0.296018
0.256154
0.20699
0.164554
0.118297
0.076782
0.043641
~
31.958468
24.312413
20.024386
0.590105
0.356934
0.296381
0.255861
0.206643
0.164537
0.118368
0.076926
0.044034
~
32.000962
25.516111
23.358971
~
32.003329
24.914735
20.141028
~
31.93909
23.972585
20.37247
0.657379
0.357458
0.299368
0.260702
0.210231
0.167697
0.122068
0.077267
0.043754
~
31.945998
24.875378
20.928541
0.636111
0.359963
0.298798
0.259288
0.20962
0.166951
0.120631
0.079046
0.045998
~
31.963818
23.812887
20.417866
0.60111
0.36022
0.297499
0.256574
0.207532
0.169601
0.120496
0.07751
0.045582
~
32.028479
24.983145
20.710464
0.626045
0.356975
0.295822
0.257952
0.208962
0.167054
0.120543
0.078719
0.046131
~
31.957139
24.701727
20.797254
0.647495
0.35783
0.296685
0.256346
0.208389
0.165266
0.118781
0.076815
0.045254
~
31.991053
25.365566
20.865298
0.636274
0.359899
0.296456
0.255756
0.206813
0.166503
0.12066
0.078891
0.045773
~
31.969197
26.59357
20.124326
0.604419
0.356405
0.295639
0.255395
0.209288
0.167016
0.120307
0.07641
0.043378
~
31.888392
24.96949
24.367162
0.663077
0.356784
0.296045
0.256074
0.206782
0.164404
0.118193
0.076687
0.043551
~
31.856521
24.543271
19.95942
0.622741
0.356563
0.307227
0.255358
0.20612
0.164029
0.117686
0.076354
0.043391
~
31.944642
26.013774
22.294909
0.636099
0.361585
0.300142
0.256534
0.210257
0.164506
0.118744
0.077026
0.043808
~
32.056375
24.774712
20.648346
0.663534
0.359653
0.299547
0.259106
0.209127
0.167228
0.120681
0.082054
0.045912
~
31.963074
24.727416
19.905156
0.625139
0.369484
0.298823
0.258989
0.209408
0.167122
0.120509
0.080793
0.045873
~
32.041307
25.388234
19.500022
0.687693
0.361186
0.29858
0.26696
0.209192
0.167105
0.120574
0.080731
0.04594
~
31.889751
25.015522
19.383364
0.59335
0.360172
0.298979
0.259503
0.210006
0.164413
0.118208
0.078797
0.045944
~
32.185571
25.734373
20.398768
~
31.954636
22.996453
19.628563
0.61413
0.357017
0.29618
0.2557
0.206721
0.164339
0.118257
0.076838
0.043741
~
31.939115
26.916074
20.247806
~
31.953048
24.923774
21.742298
0.668198
0.359448
0.299183
0.258778
0.208996
0.167051
0.120518
0.079027
0.046234
~
31.997106
24.153724
19.632591
0.693869
0.359537
0.298171
0.258717
0.208658
0.166835
0.120255
0.078671
0.045794
~
31.888331
24.605981
19.583789
0.59846
0.36304
0.295951
0.25571
0.20652
0.16432
0.118139
0.078713
0.04398
~
31.759387
27.021366
21.366475
2.72342
0.35692
0.295911
0.256056
0.206739
0.16455
0.118358
0.07689
0.044062
~
31.93718
24.360621
22.03474
~
30.213242
28.683752
69.549897
~
30.233249
26.402583
70.486235
~
29.946132
30.883912
~
29.919867
26.446573
82.922482
~
29.922803
27.546661
68.745424
~
29.789471
27.530801
68.732501
~
29.896324
26.217888
58.351581
~
29.930997
29.003591
67.574901
~
29.90509
28.178302
57.673551
~
29.84954
27.023114
63.668221
~
29.907762
25.297754
65.716895
~
29.888843
26.114797
65.623009
~
29.846929
26.210187
64.297379
~
29.98553
28.372535
~
30.063749
26.719815
67.596243
~
29.76694
25.097352
60.429976
~
29.892678
27.683502
72.453714
~
29.821666
26.418482
67.986996
~
29.9229
25.369787
69.240933
~
30.053092
27.647799
67.246994
~
30.44311
27.825531
69.20567
~
30.359295
26.946998
63.299183
~
29.753276
26.600582
66.2064
~
29.947082
29.76013
70.309964
~
29.924241
28.189281
73.607394
~
30.012023
28.427006
65.453378
~
29.877675
28.038063
67.3701
~
29.887576
28.900635
63.182499
~
29.944453
25.246375
70.315472
~
30.180352
27.651565
~
33.809888
26.229065
20.206658
0.609035
0.357854
0.296696
0.256288
0.210414
0.16548
0.118874
0.081791
0.048206
~
34.254747
26.775914
19.787525
0.595913
0.359892
0.298887
0.258801
0.209536
0.167137
0.120611
0.084785
0.045854
~
33.854208
29.539201
20.894895
0.659524
0.359767
0.298776
0.258742
0.209116
0.166994
0.120505
0.080949
0.045837
~
33.797807
24.592232
19.929102
~
33.702893
28.20323
19.405956
0.590065
0.357032
0.29597
0.256052
0.2069
0.164641
0.118365
0.077104
0.04411
~
33.597928
26.390575
19.752739
0.593897
0.359223
0.298164
0.258527
0.208672
0.166813
0.120394
0.078726
0.04572
~
33.730304
25.39608
21.470518
0.631121
0.360627
0.298588
0.258872
0.208939
0.166991
0.120467
0.078717
0.04577
~
33.744535
25.998091
18.731985
0.638073
0.356446
0.295531
0.255467
0.206335
0.164016
0.120588
0.080653
0.045852
~
33.714528
26.305205
20.39288
0.590275
0.356666
0.295735
0.255451
0.206392
0.164039
0.117881
0.078376
0.043324
~
33.823644
26.98331
20.565067
0.58897
0.356561
0.295573
0.255407
0.206401
0.163981
0.117747
0.076524
0.043376
~
33.82382
26.443909
21.931803
~
34.082626
28.267611
19.813392
0.590396
0.359662
0.296481
0.256212
0.207382
0.167214
0.120514
0.078772
0.045744
~
33.817769
27.490724
20.368453
0.641779
0.378926
0.306716
0.25574
0.206929
0.164151
0.118253
0.076669
0.047529
~
34.18185
30.769518
20.893018
0.594209
0.359445
0.298758
0.258529
0.209149
0.167106
0.120557
0.078915
0.046096
~
33.898375
25.369327
19.066926
0.642451
0.356952
0.301254
0.258918
0.209327
0.167162
0.120578
0.080838
0.046006
~
33.761947
24.91136
20.479379
0.646584
0.35984
0.298551
0.259027
0.208929
0.167019
0.120815
0.084795
0.045843
~
33.835906
28.852075
20.074216
0.606545
0.357386
0.296029
0.256055
0.2069
0.164705
0.118493
0.077195
0.044085
~
33.813975
36.473817
19.318894
0.595889
0.359234
0.298466
0.258668
0.2087
0.166826
0.120201
0.08064
0.045739
~
33.754636
26.68269
20.270487
0.597099
0.356306
0.295588
0.25554
0.206441
0.163973
0.117673
0.076601
0.045775
~
33.912081
25.059406
20.04192
~
33.809207
27.936558
19.892984
0.61028
0.359469
0.298609
0.258766
0.208943
0.167083
0.120758
0.078734
0.046049
~
33.858547
24.038577
21.724454
0.630255
0.35718
0.309154
0.259647
0.206886
0.164918
0.118621
0.076878
0.043918
~
33.633642
25.769651
21.001863
0.605546
0.356955
0.295657
0.255598
0.206655
0.167413
0.120426
0.078838
0.045882
~
33.993062
27.634804
19.641879
0.595127
0.359454
0.298974
0.256164
0.207435
0.16493
0.118725
0.077181
0.046021
~
33.80235
27.867569
20.075351
~
33.855705
26.887196
21.184509
~
34.151468
28.493757
21.064142
0.637355
0.357434
0.309493
0.271769
0.225256
0.1737
0.119427
0.083807
0.05083
~
34.223798
29.86599
20.055856
0.643585
0.364228
0.299729
0.258677
0.210509
0.169798
0.12284
0.083314
0.045445
~
33.782639
26.599123
21.260485
~
33.779742
25.138856
19.075736
~
34.735209
23.620155
22.284394
0.596169
0.35983
0.29825
0.258934
0.209582
0.16681
0.120534
0.078742
0.045679
~
34.596095
24.113984
21.692316
0.594175
0.359407
0.298477
0.258661
0.20916
0.167102
0.120263
0.082738
0.045793
~
34.639549
23.972986
21.543652
0.606924
0.357035
0.299679
0.260632
0.207859
0.166938
0.117893
0.077161
0.043186
~
34.663788
23.72971
22.872276
0.614981
0.357151
0.296439
0.256175
0.2068
0.164703
0.118421
0.076864
0.044934
~
34.598217
24.177609
20.899433
0.609021
0.358115
0.297132
0.256447
0.210704
0.164406
0.121012
0.076286
0.043191
~
34.760083
24.012608
21.220522
0.590126
0.357081
0.29592
0.256072
0.206743
0.16452
0.11817
0.076782
0.043459
~
34.584086
24.597961
20.672183
0.630802
0.3586
0.297156
0.257608
0.207733
0.165839
0.119194
0.077732
0.04481
~
34.534726
27.496907
21.496949
0.624521
0.357897
0.296982
0.257222
0.207647
0.165478
0.119077
0.077626
0.044609
~
34.442307
27.554837
19.798614
0.605346
0.356699
0.295805
0.255289
0.206596
0.164111
0.11809
0.078596
0.043438
~
34.566945
24.743206
21.703864
0.58948
0.356423
0.295731
0.255682
0.206439
0.164287
0.118004
0.076719
0.04366
~
34.402413
23.536245
19.810341
~
34.401345
23.478726
21.653355
0.606612
0.356919
0.295839
0.255629
0.206573
0.16423
0.117899
0.082321
0.043451
~
34.391164
22.512628
20.828872
0.630263
0.356663
0.295556
0.255633
0.206549
0.164306
0.118217
0.079049
0.04359
~
34.424372
26.049903
23.302671
0.591263
0.357645
0.296927
0.256835
0.207545
0.165179
0.118984
0.077583
0.044434
~
34.577648
24.627172
22.387939
0.625057
0.358369
0.29748
0.257764
0.207946
0.167449
0.120158
0.076707
0.04328
~
34.564186
24.931529
22.333858
0.588816
0.356498
0.295892
0.256101
0.206745
0.164943
0.118261
0.076774
0.043744
~
34.616761
27.13681
21.625743
0.605769
0.356785
0.295737
0.25923
0.206638
0.164194
0.120503
0.076821
0.043748
~
34.401253
24.28846
22.434896
0.605687
0.357155
0.296145
0.25615
0.206635
0.164403
0.118209
0.076726
0.043811
~
34.447373
23.38414
19.453966
~
34.361172
28.263535
21.598817
0.63115
0.357178
0.29585
0.256085
0.206536
0.164663
0.118345
0.076779
0.043732
~
34.357872
24.898985
21.62126
0.626737
0.355932
0.311222
0.270758
0.208433
0.167052
0.143597
0.10589
0.045787
~
34.647554
23.066023
23.754918
0.606676
0.356856
0.296089
0.256096
0.206643
0.165127
0.118454
0.076956
0.043856
~
34.575947
26.779909
21.226171
0.590698
0.357613
0.296851
0.256564
0.206792
0.164392
0.121895
0.077084
0.044163
~
34.671121
28.874534
20.711371
0.59909
0.357817
0.296624
0.256185
0.207175
0.164654
0.118426
0.07883
0.043995
~
34.799524
24.625429
22.50778
0.690837
0.360272
0.296203
0.255979
0.207111
0.16458
0.118295
0.076965
0.043864
~
35.063301
24.479623
21.572232
0.589992
0.356762
0.295658
0.255604
0.206688
0.164115
0.117781
0.07648
0.043363
~
34.38666
24.177062
21.552032
0.589746
0.356969
0.295674
0.255875
0.206538
0.166404
0.118224
0.078634
0.043721
~
34.556465
25.313823
21.217174
0.589317
0.356628
0.295627
0.25524
0.20644
0.164148
0.11773
0.076385
0.043197
~
34.552387
25.468799
21.41854
0.589892
0.356807
0.295853
0.255975
0.206575
0.164483
0.11828
0.078651
0.043749
~
34.425641
26.204846
21.222515
0.639218
0.356439
0.29567
0.255652
0.206535
0.164358
0.118143
0.076949
0.043805
~
0.882262
0.71879
0.663369
0.400724
0.344312
0.302219
0.255451
0.215297
0.164468
0.118116
0.082284
0.043796
~
0.881961
0.719149
0.645128
0.399556
0.342938
0.30183
0.255669
0.215416
0.16418
0.11802
0.082412
0.043844
~
0.894314
0.706939
0.664526
0.399169
0.342437
0.301536
0.255492
0.215212
0.164182
0.117986
0.082373
0.04379
~
0.881881
0.754928
0.660139
0.399615
0.342699
0.30162
0.255641
0.21558
0.164486
0.118099
0.082442
0.04369
~
0.882741
0.782717
0.683027
0.39976
0.343085
0.30166
0.255818
0.215432
0.166474
0.124048
0.082489
0.043964
~
0.903378
0.727536
0.678451
0.43097
0.343119
0.301974
0.256021
0.215851
0.164614
0.11823
0.085119
0.043955
~
0.903304
0.707928
0.660829
0.399973
0.34299
0.302024
0.25622
0.215423
0.164943
0.11825
0.082408
0.043852
~
0.882951
0.707969
0.669602
0.399697
0.342899
0.301948
0.256104
0.215535
0.164388
0.123434
0.083379
0.043899
~
0.965428
0.719329
0.671552
0.402214
0.379728
0.303185
0.258806
0.219213
0.165023
0.119916
0.083297
0.044133
~
0.885566
0.720412
0.661122
0.400366
0.343474
0.302312
0.256298
0.215804
0.164552
0.118909
0.082548
0.046341
~
0.884112
0.78511
0.681883
0.400646
0.343035
0.302554
0.256262
0.218927
0.165193
0.118858
0.079125
0.044055
~
0.884148
0.71885
0.645899
0.400535
0.343747
0.302449
0.256142
0.216165
0.16455
0.118363
0.0827
0.044037
~
0.885102
0.718678
0.661302
0.40035
0.343747
0.309576
0.257406
0.218721
0.165292
0.118974
0.082889
0.043698
~
0.885011
0.721384
0.665772
0.400923
0.344153
0.303465
0.256899
0.216437
0.164707
0.118658
0.083096
0.043961
~
0.88448
0.718818
0.684564
0.401434
0.344018
0.302713
0.256503
0.216177
0.165085
0.118679
0.079308
0.044081
~
0.884375
0.784403
0.660688
0.400244
0.343745
0.302487
0.256384
0.216285
0.165003
0.121387
0.079109
0.044298
~
0.88782
0.719542
0.647151
0.40047
0.343868
0.304645
0.256127
0.21578
0.16473
0.118419
0.083098
0.044028
~
0.884012
0.720732
0.661764
0.415997
0.344033
0.3026
0.257047
0.216116
0.164899
0.118739
0.07909
0.043971
~
0.884999
0.719387
0.662345
0.400557
0.343898
0.302664
0.256111
0.216316
0.165024
0.118442
0.082464
0.044144
~
0.885135
0.768379
0.68313
0.400512
0.344229
0.302766
0.256535
0.216157
0.165004
0.118737
0.083066
0.043722
~
0.884729
0.784112
0.646899
0.400262
0.343705
0.30276
0.256657
0.216147
0.164998
0.118982
0.082937
0.044059
~
0.885357
0.730296
0.662052
0.400133
0.343562
0.302375
0.25656
0.215911
0.164811
0.120859
0.082684
0.043901
~
0.883622
0.709015
0.664215
0.400077
0.348964
0.304412
0.258326
0.218194
0.166704
0.120336
0.084687
0.045948
~
0.888337
0.769866
0.665195
0.402213
0.34509
0.304232
0.258368
0.218137
0.16664
0.120187
0.084708
0.045881
~
0.888562
0.733397
0.801782
0.402312
0.345053
0.304561
0.258576
0.218141
0.166457
0.120423
0.08471
0.045701
~
0.888438
0.834814
0.683726
0.40236
0.345167
0.304372
0.258254
0.218215
0.166454
0.12025
0.084726
0.045779
~
0.88812
0.712607
0.687811
~
0.888414
0.72205
0.649704
0.402646
0.345231
0.304201
0.258512
0.218212
0.166537
0.120268
0.084783
0.045853
~
0.888282
0.787882
0.684829
0.40251
0.345225
0.304276
0.258472
0.218281
0.166683
0.120346
0.084649
0.045815
~
0.888326
0.785903
1.378991
~
27.452857
25.874248
21.616398
0.639498
0.357221
0.29608
0.25617
0.206509
0.16453
0.118497
0.07692
0.043925
~
27.414333
28.079652
21.330056
~
27.423206
30.083631
20.932729
0.596801
0.357292
0.297919
0.258223
0.208966
0.166433
0.120139
0.080604
0.045676
~
27.656811
24.105271
20.183342
0.610624
0.359878
0.29756
0.257509
0.207723
0.165625
0.120422
0.078763
0.046023
~
27.466364
25.33885
19.110775
0.59364
0.37433
0.298253
0.258718
0.209161
0.166487
0.119599
0.080813
0.045958
~
27.535409
25.563195
19.321018
0.611763
0.35676
0.295818
0.255475
0.206699
0.164209
0.117999
0.076645
0.04335
~
27.422633
24.208729
20.54088
0.676011
0.358937
0.298184
0.258325
0.209201
0.166607
0.120179
0.078654
0.045732
~
27.518671
24.670738
19.998581
0.668486
0.358934
0.297899
0.258381
0.208861
0.166585
0.120027
0.078586
0.04573
~
27.454421
25.507222
20.345129
~
27.269914
25.614038
21.159888
0.593714
0.35865
0.298096
0.258201
0.209079
0.166536
0.120046
0.080702
0.045703
~
27.437328
23.672961
20.743135
0.621696
0.356675
0.295879
0.255488
0.206523
0.163992
0.117848
0.076618
0.043574
~
27.462056
23.158595
21.916896
1.467691
0.356754
0.295893
0.255915
0.206727
0.164392
0.118314
0.076885
0.044077
~
27.306558
23.167511
21.137938
~
27.283189
26.218664
20.703721
0.630177
0.357222
0.296064
0.255869
0.206703
0.164419
0.118297
0.077025
0.044102
~
27.311362
24.115834
20.055233
~
27.382657
25.201702
19.638042
1.917692
0.356877
0.29617
0.256049
0.206909
0.164469
0.118328
0.078894
0.044038
~
27.313086
23.310691
19.601245
0.606583
0.357186
0.29594
0.255898
0.206345
0.164193
0.118194
0.076698
0.043686
~
27.413978
24.546584
21.275758
0.610671
0.359616
0.296934
0.257114
0.207498
0.165408
0.119244
0.077413
0.046052
~
27.451008
22.261342
21.532426
0.673091
0.357436
0.296484
0.256332
0.207196
0.166724
0.120164
0.078757
0.045836
~
27.701081
28.595347
19.111054
~
27.477798
23.900557
20.816901
1.355213
0.359157
0.298061
0.258376
0.209172
0.166563
0.120187
0.080706
0.045893
~
27.505258
25.129581
21.095174
0.595118
0.359093
0.297989
0.258719
0.209055
0.166445
0.120353
0.080918
0.045773
~
27.503224
25.635346
20.902102
0.618455
0.359216
0.298104
0.258323
0.209191
0.166595
0.120221
0.084571
0.045823
~
27.430921
25.652282
20.095964
0.640538
0.356342
0.299233
0.263659
0.20997
0.165298
0.119863
0.079595
0.044274
~
27.460127
23.072328
19.726236
0.626392
0.359047
0.298028
0.258472
0.209263
0.166565
0.120021
0.080724
0.045805
~
27.490471
27.902176
18.90434
0.59111
0.357646
0.296976
0.258291
0.209215
0.166596
0.120259
0.080646
0.045735
~
27.462811
24.850432
19.600035
0.610157
0.359045
0.297947
0.258328
0.209135
0.16649
0.120196
0.080675
0.045645
~
27.442616
26.798666
21.65983
0.605805
0.356847
0.295603
0.255598
0.206721
0.164824
0.117826
0.076544
0.043384
~
27.557281
25.220372
19.789086
~
27.274363
24.576111
20.677934
0.605862
0.357014
0.29583
0.255433
0.206594
0.166525
0.119756
0.078602
0.043585
~
30.199991
24.329051
21.163548
0.665014
0.357604
0.296602
0.256101
0.207059
0.16467
0.11857
0.079023
0.043868
~
29.905797
23.883469
21.660639
0.589816
0.356872
0.298498
0.258545
0.209117
0.166583
0.1201
0.078708
0.04586
~
29.979106
24.342151
20.702077
0.611566
0.359227
0.298021
0.258592
0.209354
0.166452
0.120281
0.082605
0.045845
~
29.878775
23.529027
20.149652
~
29.770119
24.869983
20.517646
~
29.938456
24.346151
19.442088
0.690972
0.358899
0.297886
0.2585
0.209025
0.166542
0.120104
0.078757
0.045732
~
29.925212
24.833908
20.579757
0.685915
0.356896
0.295892
0.256109
0.206932
0.164582
0.118462
0.077005
0.046157
~
29.937196
23.349521
20.353602
0.634689
0.358992
0.297915
0.258327
0.209214
0.166572
0.120105
0.080725
0.045673
~
29.917122
24.847762
20.200887
0.703096
0.357116
0.295977
0.25616
0.207117
0.164626
0.118184
0.076939
0.045856
~
29.92877
23.564023
20.251013
0.952334
0.358813
0.298031
0.258221
0.209209
0.166607
0.120253
0.080803
0.045711
~
29.875299
23.914512
20.609299
0.633492
0.358703
0.29782
0.258148
0.209024
0.166244
0.120191
0.078467
0.045585
~
30.076655
22.754009
21.259019
0.675969
0.360486
0.298613
0.259043
0.212496
0.168027
0.12114
0.079244
0.043825
~
29.995233
25.098528
20.06766
~
29.835975
23.386403
20.031032
0.635629
0.358858
0.297925
0.258439
0.209247
0.16646
0.120212
0.078635
0.045717
~
29.890085
23.983408
20.339976
0.606652
0.357346
0.296367
0.258625
0.209036
0.166902
0.12027
0.078722
0.045872
~
30.221487
23.803582
21.971378
1.210858
0.361385
0.29621
0.261918
0.215476
0.178371
0.121673
0.078763
0.044901
~
30.312801
23.775678
20.392333
~
29.881889
23.72971
20.774004
0.610615
0.358594
0.298087
0.258106
0.208999
0.166432
0.119971
0.078657
0.045655
~
30.249562
24.871822
20.898956
0.630218
0.357164
0.295875
0.255515
0.209174
0.166457
0.114523
0.07856
0.045786
~
29.978598
23.256786
21.098989
~
29.841679
23.2731
20.929868
0.605856
0.357365
0.296693
0.256201
0.206815
0.164572
0.118396
0.077044
0.044009
~
29.918628
24.598892
20.61623
~
29.903924
23.625345
20.710389
2.12151
0.357227
0.297039
0.256008
0.207482
0.164291
0.120164
0.07851
0.04564
~
29.903016
23.601124
20.596304
0.634913
0.358982
0.297731
0.258167
0.209064
0.166385
0.120053
0.078634
0.045617
~
29.889554
24.835357
21.095082
0.638357
0.371474
0.300266
0.260429
0.209132
0.16648
0.120158
0.078633
0.045762
~
29.950958
24.228112
21.22813
0.686418
0.35712
0.296366
0.256227
0.206771
0.164562
0.118205
0.076942
0.043666
~
29.775603
23.615023
20.227761
~
29.993236
23.814129
19.071695
0.618228
0.359021
0.297872
0.258184
0.209029
0.166247
0.120037
0.078556
0.045674
~
29.885596
23.318048
19.990959
0.655179
0.358892
0.29773
0.258048
0.209147
0.169153
0.120123
0.078594
0.045669
~
29.858684
23.904045
20.928328
~
32.820489
25.828067
22.799395
0.591236
0.357309
0.296606
0.256315
0.207702
0.166402
0.120066
0.080477
0.045619
~
32.830255
23.534859
22.308089
0.58937
0.35892
0.297815
0.258179
0.208815
0.166409
0.119922
0.078589
0.04577
~
32.832156
28.909654
22.066578
0.592397
0.358644
0.29754
0.257802
0.208709
0.166399
0.120482
0.079126
0.046092
~
32.828885
23.615238
19.961264
0.591586
0.356973
0.296296
0.25634
0.207305
0.165024
0.118423
0.076863
0.047344
~
32.986134
24.198198
22.575676
0.607132
0.356982
0.296189
0.25642
0.20671
0.168284
0.11843
0.078907
0.043729
~
32.953999
22.887291
23.086124
0.590736
0.357364
0.29616
0.256392
0.20678
0.164736
0.118341
0.076938
0.043791
~
32.720666
22.60071
20.394479
0.590287
0.357793
0.296762
0.256821
0.207406
0.165144
0.118897
0.079251
0.044166
~
32.770384
25.192754
21.681881
0.592583
0.35894
0.29789
0.258408
0.209071
0.166825
0.120177
0.078551
0.045545
~
32.935921
24.411341
20.717308
0.589216
0.357259
0.296349
0.256115
0.207096
0.164569
0.11838
0.076902
0.043835
~
32.881516
25.256078
21.592879
~
32.853068
23.309834
21.189717
0.644435
0.359287
0.298115
0.258173
0.209219
0.172225
0.121177
0.078607
0.045818
~
32.839296
23.789893
20.893489
0.609254
0.359218
0.297912
0.258236
0.209293
0.166486
0.120256
0.080582
0.045707
~
32.822471
24.881609
22.602462
0.591078
0.357506
0.296572
0.257457
0.20913
0.166466
0.119846
0.080634
0.045711
~
32.929014
24.692477
20.119513
0.59287
0.35828
0.297109
0.256957
0.207649
0.165303
0.118808
0.079248
0.044111
~
32.857387
23.580529
22.472779
0.610736
0.359916
0.300626
0.25719
0.207705
0.165327
0.118855
0.077425
0.044116
~
32.938451
23.578922
22.173518
0.594642
0.359882
0.299184
0.256684
0.207581
0.165407
0.119189
0.079292
0.045907
~
32.856327
24.09476
22.090653
0.591906
0.358797
0.298647
0.258873
0.209827
0.167284
0.120909
0.078914
0.045831
~
32.893933
23.46021
22.579969
0.594211
0.359631
0.298908
0.258792
0.20984
0.167914
0.119455
0.077423
0.044221
~
32.76808
23.229059
20.982
0.593439
0.359868
0.29863
0.258849
0.209841
0.167532
0.12063
0.078959
0.04427
~
32.793853
28.803547
20.498834
0.593302
0.359819
0.298738
0.258924
0.209836
0.167339
0.120973
0.077377
0.044304
~
32.822151
24.664087
21.140674
0.593041
0.358927
0.297954
0.258147
0.209115
0.16668
0.120376
0.079231
0.044173
~
32.784516
23.333964
23.009356
0.594594
0.358754
0.29768
0.258256
0.208796
0.16628
0.11985
0.07851
0.045554
~
32.795932
26.917236
21.730567
0.59363
0.358939
0.297799
0.258104
0.208382
0.165938
0.120236
0.07835
0.04548
~
32.916862
28.115561
22.348643
0.589978
0.359006
0.29618
0.255887
0.206814
0.164338
0.118175
0.07881
0.043697
~
32.858729
25.13892
23.784284
0.58938
0.358506
0.29726
0.25785
0.208612
0.166182
0.119804
0.078354
0.045422
~
32.81576
23.753358
23.682691
0.593507
0.358761
0.297838
0.257939
0.209199
0.166244
0.119817
0.082206
0.045414
~
32.817093
25.616234
19.145335
0.589468
0.358457
0.29733
0.257768
0.208484
0.166077
0.119867
0.078278
0.045546
~
32.901946
24.397655
22.202939
0.59393
~
32.801725
24.054985
21.08036
0.593772
0.358652
0.297641
0.258235
0.208713
0.166309
0.119709
0.078322
0.045457
~
32.798741
24.297247
21.722504
0.593401
0.358926
0.297491
0.258114
0.209091
0.166214
0.119987
0.080366
0.045502
~
34.063999
35.413966
22.960015
0.818484
0.358661
0.297629
0.257861
0.208829
0.166252
0.119767
0.078343
0.045462
~
34.164065
44.602063
22.848066
0.615524
~
33.946005
52.518389
25.012128
0.590547
0.357226
0.295952
0.255934
0.206832
0.164455
0.118443
0.079128
0.044124
~
34.110109
33.348504
23.864521
55.567366
~
34.019017
59.70124
24.019236
0.597626
0.357448
0.296308
0.255926
0.207296
0.164783
0.118422
0.080773
0.043789
~
33.998527
49.693025
23.722685
58.544309
~
33.952614
33.429736
24.294753
0.590611
0.357147
0.296106
0.256028
0.206713
0.164593
0.118581
0.077119
0.044068
~
34.01405
33.388607
23.012142
57.982497
~
34.131026
45.212558
22.841453
0.641193
0.358368
0.297437
0.258055
0.20873
0.166188
0.120003
0.080357
0.045538
~
34.110715
33.672984
22.671665
0.786152
0.357272
0.296082
0.258174
0.208855
0.166175
0.119928
0.080354
0.045499
~
34.083194
82.13329
25.34972
1.008912
0.358825
0.297673
0.258035
0.208792
0.166114
0.119939
0.078524
0.045563
~
34.089033
73.387383
22.560126
0.598255
0.357065
0.295957
0.25598
0.208813
0.166241
0.119851
0.078459
0.045433
~
34.166744
28.874164
22.849092
0.590314
0.357066
0.296256
0.256422
0.208924
0.166299
0.119919
0.078471
0.045488
~
34.085401
49.790985
22.47399
0.761306
~
33.958543
37.219865
23.304472
0.784576
0.357092
0.297731
0.257983
0.208946
0.166295
0.119828
0.080364
0.045481
~
34.114106
49.14958
21.174184
1.234192
0.358883
0.297926
0.25803
0.208871
0.166221
0.119792
0.078513
0.045491
~
34.086734
26.719973
22.963786
0.619933
0.357464
0.296402
0.256026
0.207231
0.164866
0.119919
0.078386
0.045521
~
34.092891
38.720493
22.755354
61.254336
~
34.10745
32.883962
21.518199
0.605936
0.357141
0.29628
0.256009
0.207169
0.166401
0.119865
0.080431
0.045532
~
34.177245
26.245559
25.707707
0.614072
0.357186
0.296249
0.256036
0.206845
0.164531
0.118479
0.07913
0.046044
~
34.083925
28.276814
24.767343
60.678772
~
34.079757
50.573145
22.965943
1.095411
0.35873
0.297583
0.257921
0.208973
0.166385
0.119947
0.080451
0.045535
~
34.105104
42.379385
25.447127
0.746913
0.357394
0.296405
0.256085
0.207229
0.164712
0.118497
0.078832
0.043803
~
34.174068
47.395213
69.90009
~
34.142471
38.692759
24.359275
55.66442
~
33.98577
71.602349
25.201564
56.224616
~
34.005466
26.704732
23.855306
0.846387
0.360269
0.296158
0.256083
0.207306
0.164652
0.118363
0.078917
0.045655
~
34.129163
31.18496
69.067133
~
33.9529
33.012624
66.898801
~
34.112503
38.401222
22.694633
0.745224
0.356818
0.296178
0.256225
0.206751
0.164643
0.120067
0.080406
0.045545
~
30.084748
78.943263
~
30.009129
77.658666
~
30.05705
78.718045
~
30.050066
77.41
~
29.973163
79.328078
~
30.007617
79.703154
~
29.972035
78.315436
~
30.068981
78.256178
~
30.087573
78.642738
~
30.080012
78.910411
~
29.951345
78.01291
~
29.956821
78.299261
~
30.003341
85.166644
~
30.058919
81.16847
~
30.065538
78.878959
~
29.94801
78.1044
~
30.08614
76.452326
~
29.955779
81.013627
~
29.962027
79.462192
~
30.073837
75.668018
~
29.984849
79.269252
~
30.11665
79.559443
~
30.066839
77.454975
~
30.084743
80.303652
~
30.063571
79.908321
~
30.062594
81.034906
~
30.05688
67.93222
~
29.976335
76.99685
~
30.064137
78.478726
~
30.062206
76.259348
~
30.961962
25.29213
22.355071
~
31.044048
24.470757
19.785871
~
30.881961
24.129264
21.870709
0.600386
0.358435
0.297375
0.258139
0.208718
0.166417
0.120017
0.078408
0.045501
~
30.950177
25.785558
21.916229
0.633691
0.358675
0.297628
0.257928
0.20913
0.166297
0.119828
0.078455
0.045521
~
30.988926
24.371262
19.343419
0.572561
0.357278
0.297754
0.258224
0.208848
0.166289
0.11978
0.080332
0.045523
~
30.962639
26.95035
20.129579
0.623975
0.343831
0.296574
0.256147
0.207282
0.16639
0.119752
0.078432
0.045502
~
30.990193
25.731151
21.594118
0.624705
0.34352
0.296434
0.256184
0.207195
0.164867
0.118382
0.078933
0.043881
~
30.964937
26.249225
22.531356
~
30.841405
26.664536
22.347556
0.590863
0.356938
0.295893
0.255886
0.206733
0.164633
0.11287
0.07693
0.043785
~
30.821434
25.221618
22.004524
0.676279
0.358506
0.296395
0.255999
0.207276
0.166325
0.119965
0.078399
0.045498
~
30.970549
24.153488
22.272976
0.726696
0.358693
0.297904
0.25789
0.20899
0.166161
0.120005
0.078355
0.045464
~
31.030294
26.987899
20.037702
0.648196
0.343793
0.296231
0.25615
0.207123
0.16472
0.118211
0.076943
0.043751
~
30.851715
26.649129
21.015788
~
30.859684
25.676395
19.957028
0.566572
0.358597
0.29847
0.257959
0.208856
0.16611
0.119913
0.078313
0.045482
~
30.936092
25.828398
20.56816
~
30.937854
25.863617
21.496101
0.57414
0.344719
0.297546
0.258167
0.208889
0.166477
0.119731
0.078352
0.045575
~
30.942247
25.711329
23.170035
~
30.846116
26.082131
22.842932
~
30.845861
29.065715
22.735863
0.637817
0.357576
0.296716
0.256058
0.207188
0.164654
0.118458
0.077017
0.04379
~
30.907246
27.68864
20.311479
0.600905
0.358575
0.297624
0.25795
0.208866
0.166241
0.119869
0.080353
0.045473
~
30.943118
25.564692
23.931173
0.690071
0.358433
0.297831
0.258022
0.208924
0.166473
0.119796
0.078429
0.04545
~
30.943347
23.729405
21.213367
0.642252
0.3586
0.297545
0.258138
0.208911
0.166272
0.119829
0.078401
0.045478
~
30.968403
23.967444
21.966626
0.598005
0.35701
0.296178
0.256188
0.20681
0.16461
0.118484
0.077067
0.044111
~
30.91623
26.954442
20.019571
0.589036
0.357143
0.296494
0.255971
0.206709
0.164681
0.118475
0.077114
0.044159
~
30.953634
25.828673
20.523224
0.589771
0.356962
0.295981
0.255887
0.206873
0.16448
0.118411
0.078813
0.043699
~
30.833232
24.295803
19.391952
0.655063
0.357131
0.296022
0.256066
0.206942
0.164674
0.118238
0.076903
0.043787
~
30.840011
24.82376
22.508219
0.556471
0.357433
0.296186
0.256038
0.20745
0.164663
0.11842
0.076925
0.04378
~
30.85519
25.078997
21.463001
~
30.856014
24.733704
21.930188
0.654676
0.35712
0.295956
0.25593
0.206912
0.164513
0.118294
0.07683
0.043732
~
30.967139
25.254513
21.618395
0.654074
0.357008
0.295992
0.255982
0.206958
0.164686
0.118394
0.077018
0.044118
~
1.574886
1.179854
0.938934
0.40023
0.343087
0.302579
0.256362
0.215696
0.164633
0.118428
0.082725
0.044121
~
1.605402
1.157603
20.450372
0.600772
0.34468
0.297417
0.247226
0.208763
0.166159
0.119762
0.078327
0.045503
~
1.581648
1.337754
127.809845
0.600366
0.357385
0.296343
0.256179
0.207367
0.164747
0.118441
0.077063
0.043928
~
1.57647
1.185653
0.788397
~
1.575403
1.420863
23.868941
0.600798
0.358638
0.297505
0.257878
0.208721
0.166312
0.119856
0.078394
0.045526
~
1.581773
52.341968
1.471515
0.415712
0.343563
0.302496
0.256191
0.215983
0.166329
0.119925
0.084243
0.045475
~
1.582535
1.171058
0.942099
~
1.58237
1.689418
1.373511
~
1.58222
1.307153
0.811674
0.401848
0.344708
0.303767
0.257866
0.217626
0.166115
0.119881
0.084249
0.04548
~
1.582426
1.22996
22.483043
0.639849
0.357174
0.296265
0.256111
0.207081
0.164614
0.118235
0.076894
0.043668
~
1.575788
1.205777
20.482271
0.631238
0.357199
0.296325
0.256169
0.206772
0.164694
0.118492
0.077033
0.04563
~
1.581874
1.398469
0.998173
0.418378
0.344778
0.304032
0.258066
0.217819
0.166256
0.119829
0.084212
0.04549
~
1.58192
0.950002
20.526643
0.589823
0.357383
0.296403
0.256192
0.206799
0.164715
0.118415
0.07706
0.04412
~
1.576187
1.013233
19.579081
0.663673
0.357298
0.296203
0.255754
0.207246
0.164556
0.118398
0.076941
0.045618
~
1.582204
1.273048
0.873403
0.417498
0.344803
0.303762
0.257811
0.217644
0.16623
0.119914
0.084169
0.045414
~
1.582373
1.420486
0.928932
0.4185
0.344679
0.30367
0.257768
0.217738
0.166179
0.119832
0.084246
0.045457
~
1.582844
1.045989
1.280865
~
1.582134
1.163829
1.415579
~
1.582109
1.462962
0.814941
0.401852
0.344693
0.303815
0.257905
0.217751
0.166201
0.11976
0.084296
0.045466
~
1.582747
94.967685
1.063524
~
1.582216
1.320066
0.943181
0.417232
0.344635
0.303785
0.25803
0.217667
0.166231
0.119835
0.084193
0.04547
~
1.585412
1.443976
1.095485
0.402031
0.344726
0.304023
0.258163
0.217667
0.16642
0.119858
0.08419
0.045472
~
1.582344
1.201743
20.935749
0.600501
0.344628
0.297847
0.2579
0.208902
0.166175
0.119897
0.078454
0.045497
~
1.581387
1.102037
132.790286
0.600739
0.344613
0.297698
0.247336
0.208665
0.166258
0.119838
0.07838
0.045455
~
1.582131
0.998141
0.79381
0.403086
0.344791
0.303642
0.258022
0.217754
0.166217
0.11992
0.084186
0.045493
~
1.581836
1.640806
19.94064
0.5913
0.344749
0.297548
0.258001
0.208919
0.16647
0.119874
0.078373
0.045406
~
1.581388
1.232687
0.958379
0.401857
0.344816
0.303836
0.257904
0.217664
0.166308
0.119865
0.084382
0.04546
~
1.58161
1.218271
1.079674
0.417236
0.344743
0.303638
0.258282
0.217583
0.166339
0.119799
0.084364
0.045429
~
1.581819
1.325344
0.804264
0.418801
0.344761
0.303707
0.258024
0.221999
0.164872
0.118599
0.0829
0.043928
~
1.576653
1.803387
1.160129
0.415359
0.343203
0.302339
0.256367
0.215655
0.164742
0.118484
0.08278
0.043928
~
29.270651
32.719031
19.899545
0.590913
0.356934
0.296099
0.256066
0.207131
0.164848
0.118506
0.077163
0.044149
~
29.127232
30.692955
20.378905
~
29.133132
27.379326
21.047871
0.597151
~
29.124081
26.35215
20.143082
~
29.171717
28.541992
19.282593
0.681987
0.358966
0.297759
0.258158
0.208664
0.166346
0.119993
0.080318
0.045482
~
29.23554
27.355974
20.369639
~
29.244898
29.503326
20.003637
0.622594
0.358658
0.2965
0.257653
0.209039
0.166264
0.120032
0.080407
0.045523
~
29.312793
24.210969
20.748101
0.592156
0.358556
0.29774
0.258048
0.208868
0.166342
0.119911
0.078492
0.045518
~
29.702644
30.311078
20.565064
0.593481
0.359725
0.298966
0.259082
0.20902
0.167261
0.120742
0.078979
0.046284
~
29.275648
29.493842
21.642658
54.732178
~
29.27971
28.594314
21.289717
0.762046
~
29.235139
27.379363
20.770053
0.589468
0.357344
0.295986
0.255777
0.207069
0.164532
0.11831
0.07698
0.043785
~
29.125769
27.083067
19.83795
0.621292
0.356986
0.295952
0.255858
0.206786
0.164643
0.118305
0.078855
0.043628
~
29.305472
26.451278
20.441948
~
29.266828
28.342484
20.947608
0.620029
0.363581
0.299102
0.259079
0.209145
0.167442
0.120694
0.079167
0.046143
~
29.27658
29.352005
20.818426
0.643508
~
29.267393
25.45253
21.845499
0.606329
0.357187
0.296104
0.256013
0.206957
0.164435
0.118252
0.076971
0.043712
~
29.131395
26.286377
19.361974
0.591424
0.357284
0.296236
0.255854
0.207143
0.16451
0.118391
0.076904
0.043656
~
29.31413
28.889978
20.963479
~
29.127937
27.601075
21.028405
~
29.325432
27.47229
20.43944
0.591064
0.357069
0.29596
0.255979
0.206996
0.164493
0.1184
0.078934
0.043764
~
29.123222
28.733017
19.016733
0.671761
0.357145
0.296089
0.255905
0.206881
0.164588
0.11827
0.076932
0.04373
~
29.324464
28.162799
20.543011
0.7009
~
29.13355
28.305916
20.179831
~
29.144973
26.168716
19.788401
~
29.151568
25.990207
19.992594
0.593367
0.359615
0.29864
0.258611
0.20933
0.167367
0.120764
0.078989
0.046161
~
29.271707
26.516932
22.780413
~
29.485185
26.242187
20.98562
0.821337
0.357331
0.296197
0.256061
0.2073
0.164834
0.118508
0.077142
0.043869
~
29.215361
26.456052
21.248736
0.739081
~
29.165609
25.351689
20.075495
0.671322
0.357269
0.296772
0.256011
0.20721
0.164759
0.118497
0.077239
0.044119
~
31.062603
23.462081
21.445277
0.589327
0.35709
0.29604
0.25596
0.206871
0.164644
0.118245
0.077054
0.043813
~
31.00372
31.432334
21.356386
0.590753
0.356932
0.296159
0.255935
0.206957
0.164554
0.118263
0.076928
0.04368
~
31.041613
35.285393
21.560595
0.589886
0.356951
0.296164
0.255988
0.20694
0.164665
0.118461
0.07907
0.044092
~
31.012043
24.095004
22.218242
0.598008
0.357097
0.296104
0.25586
0.20925
0.167166
0.12071
0.080978
0.046024
~
31.177266
33.886533
19.740799
0.590015
0.357065
0.295992
0.256012
0.206959
0.164554
0.118503
0.077172
0.044101
~
31.017599
47.668262
20.284893
0.632023
0.357052
0.296043
0.255956
0.206993
0.164546
0.118426
0.076928
0.043729
~
31.214114
25.126365
21.963883
0.594601
0.359728
0.298881
0.258917
0.209273
0.167201
0.120761
0.082985
0.046197
~
31.160421
46.16638
21.002691
0.59428
0.359884
0.298692
0.258712
0.209324
0.167335
0.120676
0.081022
0.046198
~
31.166219
25.461071
20.063915
0.589615
0.35713
0.296331
0.256379
0.206932
0.164889
0.118574
0.078985
0.043925
~
31.328185
27.369345
21.959703
0.942186
0.35972
0.298458
0.258874
0.209464
0.167209
0.120715
0.078939
0.046203
~
31.165423
24.539288
23.093215
0.59504
0.360035
0.298716
0.258973
0.20934
0.167409
0.120786
0.078886
0.046255
~
31.152407
56.125809
22.586501
0.606663
0.357019
0.295987
0.256206
0.206431
0.16471
0.11827
0.077052
0.043661
~
31.148058
50.076855
20.853789
0.590115
0.357131
0.296156
0.256346
0.206988
0.164823
0.118739
0.077054
0.043958
~
31.020215
23.339131
22.252319
0.606406
0.35745
0.305391
0.256503
0.206897
0.165091
0.118686
0.077124
0.044137
~
31.198964
23.8131
20.361113
0.594966
0.359589
0.298326
0.258869
0.20975
0.166957
0.120367
0.080806
0.045998
~
31.152403
26.283019
21.772388
0.589834
0.357195
0.296171
0.256073
0.206765
0.164744
0.118483
0.078991
0.044119
~
31.198762
25.640591
21.290231
0.594564
0.359617
0.298564
0.25907
0.209167
0.167376
0.120746
0.080956
0.046028
~
31.172394
42.214625
22.509464
0.607411
0.35698
0.296303
0.256514
0.206861
0.164874
0.118799
0.077034
0.044021
~
31.026655
26.707289
21.685887
0.590372
0.357643
0.296257
0.25617
0.20726
0.164785
0.121052
0.079471
0.046253
~
31.17584
24.573518
22.029914
0.59367
0.360158
0.296082
0.258706
0.20883
0.167211
0.120644
0.080935
0.046101
~
31.141715
42.838861
23.700401
0.590286
0.357265
0.296327
0.258586
0.207098
0.164643
0.118548
0.078834
0.046477
~
31.160632
26.703111
21.38725
0.593844
0.359698
0.298785
0.259057
0.209324
0.167398
0.120573
0.078986
0.046121
~
31.175028
38.198539
21.078323
0.594942
0.35961
0.298818
0.258827
0.209219
0.16738
0.120834
0.079096
0.046112
~
31.155015
24.43386
21.474445
0.59058
0.357225
0.296185
0.255897
0.207159
0.164626
0.11839
0.076972
0.04375
~
31.212724
22.876889
21.644909
0.590256
0.35743
0.296208
0.255974
0.207044
0.164658
0.120892
0.08094
0.046111
~
31.172133
22.632483
21.752307
0.594149
0.359688
0.298833
0.258887
0.20901
0.167355
0.120705
0.079017
0.046236
~
31.17363
25.110044
21.574418
0.623569
0.357571
0.295975
0.255974
0.207099
0.164417
0.118381
0.076979
0.043897
~
31.000694
25.947644
22.671756
0.590952
0.357278
0.296064
0.256139
0.207078
0.164694
0.118225
0.078878
0.043872
~
31.189301
26.934397
21.600051
0.590526
0.357109
0.296323
0.256072
0.20675
0.164619
0.118511
0.077108
0.044163
~
31.189381
41.899914
21.131477
0.594628
0.364218
0.296551
0.256227
0.207017
0.165367
0.118632
0.077213
0.044009
~
36.415576
27.523414
20.34041
0.803564
~
36.656224
28.483883
21.485438
0.737791
0.357291
0.296307
0.256056
0.207221
0.164788
0.120967
0.07909
0.046072
~
36.582605
87.546029
81.634819
~
36.417316
26.534316
22.739363
0.801908
~
36.420305
31.344021
70.592533
~
36.59817
26.829817
71.800326
~
36.43677
28.04189
71.152082
~
36.516592
26.222782
69.723864
~
36.453009
25.88206
23.078309
1.211728
0.357217
0.296148
0.256056
0.206898
0.164566
0.118405
0.078835
0.04376
~
36.658558
28.206495
22.586975
0.752874
0.357117
0.296488
0.256136
0.207009
0.164885
0.118517
0.077148
0.044192
~
36.654692
26.856011
24.089103
~
36.562501
25.807553
69.05851
~
36.622425
30.309107
66.238613
~
36.592817
30.455793
22.791565
0.589046
0.357277
0.296402
0.256512
0.206892
0.167439
0.120726
0.080987
0.04609
~
36.59185
25.607341
68.014706
~
36.388511
25.882611
65.795637
~
36.421783
27.415714
22.703793
60.247332
~
36.402532
26.342427
23.186802
0.62712
0.359669
0.301225
0.258882
0.209061
0.167534
0.12068
0.08111
0.046221
~
36.608066
26.39473
70.671561
~
36.416517
25.908979
21.492666
0.599071
0.357419
0.296223
0.256081
0.207095
0.164654
0.118364
0.076839
0.043784
~
36.664217
28.069148
22.122698
1.237752
~
36.3894
30.350933
68.368318
~
36.422229
26.757214
23.975864
0.767813
~
36.398143
27.704374
61.638321
~
36.664562
25.833108
23.54191
0.597488
0.357471
0.296124
0.256027
0.207034
0.16462
0.118299
0.078979
0.043887
~
36.680919
27.14341
69.659544
~
36.654482
26.753732
23.954716
0.621613
0.357416
0.296305
0.256135
0.207039
0.167622
0.121037
0.081027
0.04626
~
36.571523
27.70138
22.725072
0.63628
~
36.418056
27.238633
23.509866
54.941736
~
36.434917
26.206259
21.908727
0.738095
0.357442
0.296406
0.256112
0.207003
0.16475
0.118579
0.081059
0.044065
~
