-0.16767414475941167
-0.23235409611438573
-0.3211017703349425
~
-0.16767414475941167
-0.2330554863128711
-0.3221863789165176
~
-0.16767414475941167
-0.23558921273122554
-0.3129922243532056
~
-0.16767414475941167
-0.23362824815022246
-0.3078862446741941
~
-0.16767414475941167
-0.23065870579651715
-0.31253490002895357
~
-0.16767414475941167
-0.23795670542180974
-0.3242409769891563
~
-0.16767414475941167
-0.23335150632655688
-0.32448700817794723
~
-0.16767414475941167
-0.23745942632320202
-0.3223031500197109
~
-0.16767414475941167
-0.23402672275609715
-0.31849959249451976
~
-0.16767414475941167
-0.23041296125047966
-0.3136847502951443
~
-0.16767414475941167
-0.23623636611109688
-0.33345327949282577
~
-0.16767414475941167
-0.23718037778460785
-0.32700227753303734
~
-0.16767414475941167
-0.23308653954898165
-0.3054101601873512
~
-0.16767414475941167
-0.23625560436785462
-0.3207404166703665
~
-0.16767414475941167
-0.23524369789100727
-0.32135166080526845
~
-0.16767414475941167
-0.23898171515352445
-0.3190643578891049
~
-0.16767414475941167
-0.23476023863520917
-0.3112114410994737
~
-0.16767414475941167
-0.23264800563269192
-0.32420790744118433
~
-0.16767414475941167
-0.23382343312557644
-0.31698746633632124
~
-0.16767414475941167
-0.23128214666246213
-0.31674828388972165
~
-0.16767414475941167
-0.23342802683210598
-0.31985872424316025
~
-0.16767414475941167
-0.23580045481081757
-0.3150279522496593
~
-0.16767414475941167
-0.23045308391142583
-0.31050204641350343
~
-0.16767414475941167
-0.2346296103213751
-0.3167494184321098
~
-0.16767414475941167
-0.23232421231710212
-0.3168335335101652
~
-0.16767414475941167
-0.23525395219291326
-0.3139378952900377
~
-0.16767414475941167
-0.23148664592479007
-0.3188801470787301
~
-0.16767414475941167
-0.23133745904712152
-0.3207121572106929
~
-0.16767414475941167
-0.23296102647563613
-0.31212259791843555
~
-0.16767414475941167
-0.23079624660366718
-0.310614720006224
~
-0.2840441099059522
-0.3972366321273916
-0.5358220583066238
-0.7452981965709656
~
-0.2840441099059522
-0.39669837528439433
-0.5417608368997573
-0.7514581844856884
~
-0.2840441099059522
-0.40027402071640117
-0.5388791657054417
-0.7457776311998489
~
-0.2840441099059522
-0.39342534974268356
-0.5322437006604852
-0.7368527828801785
~
-0.2840441099059522
-0.39593106453451626
-0.5394905871628002
-0.7505748110641796
~
-0.2840441099059522
-0.40073342236808857
-0.5452149907715363
-0.7530044907809512
~
-0.2840441099059522
-0.3965213654429545
-0.5402687969510034
-0.7479360815960071
~
-0.2840441099059522
-0.3955616708548728
-0.5382556719243903
-0.7474361268423784
~
-0.2840441099059522
-0.39649756479883397
-0.5377726061881845
-0.751969995530552
~
-0.2840441099059522
-0.3985710904604979
-0.5386885992460578
-0.7409953685530446
~
-0.2840441099059522
-0.3978404457684076
-0.5409727540821436
-0.753684609093392
~
-0.2840441099059522
-0.39587047253117563
-0.5420887716791639
-0.7545606572990413
~
-0.2840441099059522
-0.39485501586092436
-0.5302835620979274
-0.7534948821711968
~
-0.2840441099059522
-0.39866187705323397
-0.537245362632538
-0.7401108625796543
~
-0.2840441099059522
-0.3951975931246566
-0.5377091347416967
-0.7482089536098777
~
-0.2840441099059522
-0.39915073768882875
-0.5379767452997372
-0.7474693496119982
~
-0.2840441099059522
-0.3953246718654339
-0.5351646832005676
-0.7427880754319732
~
-0.2840441099059522
-0.3973817521711948
-0.5393148392352897
-0.7579241103650116
~
-0.2840441099059522
-0.3982409649313468
-0.5405458578285752
-0.7580576965898238
~
-0.2840441099059522
-0.39377788814912196
-0.5321553961161962
-0.7579230886499944
~
-0.2840441099059522
-0.39515530082435035
-0.5344145642137581
-0.7518960702654859
~
-0.2840441099059522
-0.3952237436426229
-0.5365648602660563
-0.7434803128107293
~
-0.2840441099059522
-0.3947326789333628
-0.5338413723409381
-0.7422107111054328
~
-0.2840441099059522
-0.39821949864765016
-0.5386364556206478
-0.7514072438891888
~
-0.2840441099059522
-0.396829355138967
-0.5365755438505552
-0.7465833142689401
~
-0.2840441099059522
-0.3951221199735594
-0.5340224173530256
-0.74075329186405
~
-0.2840441099059522
-0.39661883697957634
-0.5374717774154939
-0.7518719131761512
~
-0.2840441099059522
-0.3961622486551823
-0.5385522821070452
-0.7605235338783014
~
-0.2840441099059522
-0.39645502358204254
-0.5404444564194862
-0.7615721898327457
~
-0.2840441099059522
-0.39419427275950736
-0.5308322848472787
-0.7436559651770043
~
-3.5183848615080494e-05
-6.486643005480656e-05
-5.749054889844475e-05
-5.6545137454887955e-05
-5.62471023328023e-05
-5.591480597861064e-05
-5.54789623378176e-05
-5.4925848598408645e-05
-5.4290852490137906e-05
-5.3603257102472634e-05
-5.292126772704849e-05
-5.233626264933983e-05
~
-3.5183848615080494e-05
-6.47867640881564e-05
-5.751519385023404e-05
-5.659608612047345e-05
-5.624822504482697e-05
-5.591788247312757e-05
-5.5476613091549976e-05
-5.49193878391505e-05
-5.4289969314136784e-05
-5.360149636148315e-05
-5.292238315681349e-05
-5.233635543616615e-05
~
-3.5183848615080494e-05
-6.48133640977483e-05
-5.746985146263282e-05
-5.653316397717356e-05
-5.624674775838615e-05
-5.591599949340398e-05
-5.547190599572707e-05
-5.49106568803932e-05
-5.4285906029508186e-05
-5.360291723842308e-05
-5.292191381074931e-05
-5.2336558623887804e-05
~
-3.5183848615080494e-05
-6.488040369909672e-05
-5.748294787586456e-05
-5.655043602170681e-05
-5.6259867145056936e-05
-5.592918477461802e-05
-5.5482685095999925e-05
-5.492826916106625e-05
-5.428913465802202e-05
-5.359957336385422e-05
-5.2919579967013846e-05
-5.233633546357859e-05
~
-3.5183848615080494e-05
-6.500415185801278e-05
-5.752304584114573e-05
-5.6542509129614765e-05
-5.6241128400910285e-05
-5.5919192200109565e-05
-5.5484379913784594e-05
-5.4917543520679496e-05
-5.4284027255405666e-05
-5.359943456622954e-05
-5.292093568852162e-05
-5.233633661443735e-05
~
-3.5183848615080494e-05
-6.485973638079946e-05
-5.7488874810500775e-05
-5.652022548095792e-05
-5.62327380591105e-05
-5.5914959515291874e-05
-5.5472832808361485e-05
-5.4914899194885444e-05
-5.428414735711509e-05
-5.3599476269669915e-05
-5.292125468200369e-05
-5.2336335460698176e-05
~
-3.5183848615080494e-05
-6.504695406954724e-05
-5.747662668089764e-05
-5.6545932168695486e-05
-5.625472810642909e-05
-5.5924012365649054e-05
-5.548679225466379e-05
-5.492361718831598e-05
-5.429185953133267e-05
-5.36029635978848e-05
-5.2922418074798846e-05
-5.233637632121462e-05
~
-3.5183848615080494e-05
-6.48885235431309e-05
-5.74358279724169e-05
-5.652944030321192e-05
-5.624787026071682e-05
-5.592146938886778e-05
-5.547700031984525e-05
-5.492039764208859e-05
-5.4290560325127785e-05
-5.360026839936054e-05
-5.292067958519385e-05
-5.233649402375156e-05
~
-3.5183848615080494e-05
-6.483026481520134e-05
-5.7398332740506855e-05
-5.653339865647485e-05
-5.624449932066053e-05
-5.590653832032346e-05
-5.547496918169754e-05
-5.4913158525819954e-05
-5.42848200292347e-05
-5.359960232292285e-05
-5.2920186763208395e-05
-5.2336267994943364e-05
~
-3.5183848615080494e-05
-6.479492807155945e-05
-5.743615295066624e-05
-5.651937234104188e-05
-5.624022248181197e-05
-5.590905713431117e-05
-5.547176023376839e-05
-5.491670721196333e-05
-5.4278895782477543e-05
-5.359366094377955e-05
-5.2918274686710576e-05
-5.2336508320556046e-05
~
-3.5183848615080494e-05
-6.445664242766926e-05
-5.76093858897091e-05
-5.658676822808881e-05
-5.624810466942875e-05
-5.592738475012043e-05
-5.5484489736405346e-05
-5.4930543676779924e-05
-5.429562227809531e-05
-5.360384318153143e-05
-5.292262361904013e-05
-5.2336223893803e-05
~
-3.5183848615080494e-05
-6.504719763416088e-05
-5.7420964486743186e-05
-5.6539530775137785e-05
-5.6253671589740585e-05
-5.5916998006726595e-05
-5.547938972394009e-05
-5.49194117541234e-05
-5.428916123915163e-05
-5.3602424767184804e-05
-5.292239825632286e-05
-5.233636388583092e-05
~
-3.5183848615080494e-05
-6.515968125657844e-05
-5.758852184863569e-05
-5.6566280825344194e-05
-5.6255535028629544e-05
-5.59218874322735e-05
-5.548383851776125e-05
-5.492235033951791e-05
-5.428631077367166e-05
-5.3599184481570055e-05
-5.291963632693634e-05
-5.2336411990539234e-05
~
-3.5183848615080494e-05
-6.512805075287555e-05
-5.789647376186362e-05
-5.657194653401339e-05
-5.625732640105695e-05
-5.5930473683341284e-05
-5.549009846913401e-05
-5.493115957451993e-05
-5.429224790328455e-05
-5.360227382787475e-05
-5.2921342653171296e-05
-5.23364674009037e-05
~
-3.5183848615080494e-05
-6.496472564164232e-05
-5.7510416877039694e-05
-5.6530494444853275e-05
-5.624035323577971e-05
-5.590999180823793e-05
-5.5474917152543024e-05
-5.492241014747008e-05
-5.428801907971974e-05
-5.3600837269647916e-05
-5.2920024414297584e-05
-5.2336446862888566e-05
~
-3.5183848615080494e-05
-6.432814072053832e-05
-5.7452558517478975e-05
-5.654378303440759e-05
-5.62464153973715e-05
-5.592017186498381e-05
-5.54788721106708e-05
-5.4923685918762865e-05
-5.428765212686812e-05
-5.359889599928755e-05
-5.2919955340677056e-05
-5.23364803659881e-05
~
-3.5183848615080494e-05
-6.478549369223545e-05
-5.742518419992317e-05
-5.6516034972337816e-05
-5.624225408418006e-05
-5.592154061589631e-05
-5.547646295202789e-05
-5.4921619968563335e-05
-5.428623010189827e-05
-5.359862551038599e-05
-5.292002324979228e-05
-5.2336450639591176e-05
~
-3.5183848615080494e-05
-6.513088634209376e-05
-5.750436437005153e-05
-5.653362872950898e-05
-5.6242366090926225e-05
-5.5918982907665824e-05
-5.548347006171798e-05
-5.49261754641331e-05
-5.4291896019769786e-05
-5.360337488256494e-05
-5.292146270234674e-05
-5.233630386650648e-05
~
-3.5183848615080494e-05
-6.47566575954556e-05
-5.744339397771171e-05
-5.6527968272689874e-05
-5.624347561462757e-05
-5.59288839210289e-05
-5.5489983735942875e-05
-5.492144967635001e-05
-5.4290009497464274e-05
-5.360181531764676e-05
-5.292142191160577e-05
-5.2336372734799855e-05
~
-3.5183848615080494e-05
-6.453191729054312e-05
-5.742077996958387e-05
-5.6527031269530615e-05
-5.624356153235918e-05
-5.591766965330577e-05
-5.547633845757014e-05
-5.491362855567382e-05
-5.4279907507272475e-05
-5.359695787168677e-05
-5.2920398184599145e-05
-5.2336398949541705e-05
~
-3.5183848615080494e-05
-6.480469139653732e-05
-5.759342722784639e-05
-5.655800163835268e-05
-5.6257999099256954e-05
-5.5935385663057166e-05
-5.5490297556861345e-05
-5.4924129780023565e-05
-5.428686738809176e-05
-5.359833597608652e-05
-5.292048411979079e-05
-5.2336275012964606e-05
~
-3.5183848615080494e-05
-6.445727019209508e-05
-5.734403796386546e-05
-5.651405348946238e-05
-5.623895592545367e-05
-5.591787413598559e-05
-5.547665269179134e-05
-5.492094595463697e-05
-5.428664776234618e-05
-5.359663973064615e-05
-5.2920660255696316e-05
-5.233659951239461e-05
~
-3.5183848615080494e-05
-6.495207485911526e-05
-5.74736157802286e-05
-5.653082792188133e-05
-5.624877419534817e-05
-5.591935581550305e-05
-5.5472866620762985e-05
-5.491817029194197e-05
-5.428504204573701e-05
-5.359861020417631e-05
-5.2921622725223245e-05
-5.23366616292769e-05
~
-3.5183848615080494e-05
-6.472369678375822e-05
-5.7426240545501604e-05
-5.652756399591685e-05
-5.624434594319805e-05
-5.5911725533484746e-05
-5.5478215968881836e-05
-5.4916375266331065e-05
-5.4282132585825124e-05
-5.359658883257301e-05
-5.291874224050667e-05
-5.233679856991837e-05
~
-3.5183848615080494e-05
-6.534322433756537e-05
-5.7480512854844054e-05
-5.6538726030060365e-05
-5.625568022424757e-05
-5.592769342437581e-05
-5.547987585380629e-05
-5.492145144242897e-05
-5.4284264235196925e-05
-5.3598191649195195e-05
-5.292093538727499e-05
-5.233652693849938e-05
~
-3.5183848615080494e-05
-6.552188752203189e-05
-5.744119679860303e-05
-5.653053392464369e-05
-5.625281136749641e-05
-5.593070796598464e-05
-5.547347365871428e-05
-5.491867551023086e-05
-5.428464936054913e-05
-5.3597998225939796e-05
-5.291947561332943e-05
-5.233632427910846e-05
~
-3.5183848615080494e-05
-6.479035585721546e-05
-5.748333696694422e-05
-5.652120659083309e-05
-5.624005049193832e-05
-5.591460202223129e-05
-5.5484834106455054e-05
-5.49224034063709e-05
-5.429032436907845e-05
-5.359827970081163e-05
-5.292081310500909e-05
-5.2336286008302316e-05
~
-3.5183848615080494e-05
-6.506707102017312e-05
-5.748720221136048e-05
-5.652409274731628e-05
-5.62314697668086e-05
-5.590518749855676e-05
-5.546159806857478e-05
-5.4906333117183386e-05
-5.42757443063195e-05
-5.3597209848191967e-05
-5.29206043256387e-05
-5.2336764957589204e-05
~
-3.5183848615080494e-05
-6.496519131999144e-05
-5.738613089896201e-05
-5.653539130336195e-05
-5.624948665076951e-05
-5.592134836818357e-05
-5.5475655904539856e-05
-5.4922631411833815e-05
-5.429478289896684e-05
-5.3607473413155754e-05
-5.292093134189443e-05
-5.233629798326328e-05
~
-3.5183848615080494e-05
-6.519076081436382e-05
-5.74952306998154e-05
-5.6555852978379894e-05
-5.625125361719839e-05
-5.592357000752513e-05
-5.548207146736065e-05
-5.492085636165642e-05
-5.428737684068702e-05
-5.360269071166495e-05
-5.2921567838666886e-05
-5.233643682596583e-05
~
-0.21386382172177726
-0.2950565478549482
-0.40275709711887725
~
-0.21386382172177726
-0.29731116812177205
-0.41181660124701835
~
-0.21386382172177726
-0.30089013920746505
-0.42258012965724284
~
-0.21386382172177726
-0.29442970314152994
-0.40029077756058207
~
-0.21386382172177726
-0.2921421033441344
-0.39840026909358
~
-0.21386382172177726
-0.29957927575611376
-0.40874439880995994
~
-0.21386382172177726
-0.2983057043178243
-0.41876980467960306
~
-0.21386382172177726
-0.2963652503203885
-0.41012332828539033
~
-0.21386382172177726
-0.29274973664696535
-0.4048444971742725
~
-0.21386382172177726
-0.29649708181638124
-0.3965957002315478
~
-0.21386382172177726
-0.3004398092840345
-0.41767605219159654
~
-0.21386382172177726
-0.297632111921399
-0.40619775983614054
~
-0.21386382172177726
-0.3000917593205112
-0.40611149222795867
~
-0.21386382172177726
-0.28969488288761247
-0.3957160190105078
~
-0.21386382172177726
-0.29440716563283054
-0.4044492851551206
~
-0.21386382172177726
-0.29027133761955787
-0.41147250815730463
~
-0.21386382172177726
-0.29550253285047856
-0.3955591178269006
~
-0.21386382172177726
-0.2933795421704221
-0.4037262340563404
~
-0.21386382172177726
-0.2957315075673531
-0.39471614212210304
~
-0.21386382172177726
-0.30252592158130154
-0.417344296511775
~
-0.21386382172177726
-0.297620460063802
-0.39750476919985595
~
-0.21386382172177726
-0.29072141808185187
-0.38921955450437046
~
-0.21386382172177726
-0.28879167387616955
-0.39766067818377354
~
-0.21386382172177726
-0.2971314113955475
-0.41115978938875564
~
-0.21386382172177726
-0.2976652896920728
-0.41285874725601074
~
-0.21386382172177726
-0.2994317997142531
-0.41745902524266926
~
-0.21386382172177726
-0.2949205107119747
-0.40776307723479904
~
-0.21386382172177726
-0.29514095520933303
-0.39400939990720035
~
-0.21386382172177726
-0.29705023034589095
-0.4078386840971291
~
-0.21386382172177726
-0.29850746234457104
-0.40223060894028145
~
-0.23959027038257893
-0.327694986225768
-0.44799862424210246
~
-0.23959027038257893
-0.3303737809302315
-0.45017093834476973
~
-0.23959027038257893
-0.3285232325694293
-0.44688521763817696
~
-0.23959027038257893
-0.3273074358580328
-0.4500020811140831
~
-0.23959027038257893
-0.32888791980401794
-0.44864553053826817
~
-0.23959027038257893
-0.32654073879484846
-0.4538998707577446
~
-0.23959027038257893
-0.33699389579453426
-0.4523027756040441
~
-0.23959027038257893
-0.32934289037610165
-0.44253630895109497
~
-0.23959027038257893
-0.32499840369114497
-0.45116962942967126
~
-0.23959027038257893
-0.33236498104473006
-0.46352160272493154
~
-0.23959027038257893
-0.3319511074292884
-0.46346046582205447
~
-0.23959027038257893
-0.3328987175246042
-0.45026146213876356
~
-0.23959027038257893
-0.3328471523879101
-0.4560636612977205
~
-0.23959027038257893
-0.3288597832347956
-0.4441208381414652
~
-0.23959027038257893
-0.3272450594738718
-0.4481460783575929
~
-0.23959027038257893
-0.33304799183271827
-0.4461062456864639
~
-0.23959027038257893
-0.329748307774276
-0.4538372238877857
~
-0.23959027038257893
-0.33038982390646005
-0.4546666002029046
~
-0.23959027038257893
-0.3329357171896797
-0.44576538665681004
~
-0.23959027038257893
-0.33144573647701386
-0.45807856461938995
~
-0.23959027038257893
-0.33321430707360844
-0.46198820414422526
~
-0.23959027038257893
-0.3306537167662821
-0.45326734772188854
~
-0.23959027038257893
-0.32463932515874666
-0.44135599482687404
~
-0.23959027038257893
-0.32869386495390535
-0.44753325609729805
~
-0.23959027038257893
-0.32831367914206433
-0.43149537501525104
~
-0.23959027038257893
-0.3326909322027513
-0.4470403737849489
~
-0.23959027038257893
-0.33085649003656664
-0.4459465210282517
~
-0.23959027038257893
-0.3300166145549618
-0.4526611363254987
~
-0.23959027038257893
-0.3291590862841346
-0.4452895054323299
~
-0.23959027038257893
-0.33078288828020375
-0.4581738499325842
~
-0.1279899960872574
-0.1784223582457326
-0.23672742348419598
~
-0.1279899960872574
-0.1783775747157774
-0.25189126139889995
~
-0.1279899960872574
-0.17864803592253176
-0.2415416897638012
~
-0.1279899960872574
-0.18323473376609006
-0.2478736901196626
~
-0.1279899960872574
-0.17950982980628516
-0.23273557688397836
~
-0.1279899960872574
-0.17849725011878792
-0.24007457070187455
~
-0.1279899960872574
-0.17465936735763488
-0.24624492853701963
~
-0.1279899960872574
-0.17447942910456377
-0.23318235372274668
~
-0.1279899960872574
-0.17945705904764137
-0.2481032983536158
~
-0.1279899960872574
-0.17888242706259794
-0.24217583552705202
~
-0.1279899960872574
-0.18082929075220805
-0.2392026457125083
~
-0.1279899960872574
-0.17846334105973793
-0.2383295328719084
~
-0.1279899960872574
-0.17985981428446635
-0.24955083789800134
~
-0.1279899960872574
-0.17942408286632458
-0.23982008663752066
~
-0.1279899960872574
-0.1759933962353858
-0.24796623196065
~
-0.1279899960872574
-0.17474758242419997
-0.2292679523923815
~
-0.1279899960872574
-0.17924468648541447
-0.24525317438321978
~
-0.1279899960872574
-0.17392751477311277
-0.24049949366923212
~
-0.1279899960872574
-0.1791708040880999
-0.23442649215269423
~
-0.1279899960872574
-0.1762601470358929
-0.2320773517546533
~
-0.1279899960872574
-0.18136963430462746
-0.26127325685294117
~
-0.1279899960872574
-0.18230247685589723
-0.24552918093706946
~
-0.1279899960872574
-0.1752971370371136
-0.22756210583982067
~
-0.1279899960872574
-0.17940415617565525
-0.2361726949745436
~
-0.1279899960872574
-0.1762148587797105
-0.24050033728138853
~
-0.1279899960872574
-0.18047165198586945
-0.2409102781753977
~
-0.1279899960872574
-0.17330622675420645
-0.24205468055532997
~
-0.1279899960872574
-0.1828973243713354
-0.24351979737149973
~
-0.1279899960872574
-0.18200675343659756
-0.24948907624390543
~
-0.1279899960872574
-0.18157568373297453
-0.24845733291387861
~
-5.554087880937001e-06
-6.847848117586194e-05
-0.4471963213641302
~
-5.554087880937001e-06
-4.670088570349366e-05
-0.4423002544958636
~
-5.554087880937001e-06
-4.3695291777479674e-05
-0.45033712696093015
~
-5.554087880937001e-06
-6.642220169089553e-05
-5.8622372115558773e-05
-5.652534430624116e-05
-5.6203945203446894e-05
-5.5873767135245856e-05
-5.544970023521986e-05
-5.490230409065818e-05
-5.4269405774431456e-05
-5.3596550703916855e-05
-5.292121348478505e-05
-5.233710602815596e-05
~
-5.554087880937001e-06
-0.20728318219984862
-0.29160083251432384
~
-5.554087880937001e-06
-0.2097039320614131
-0.27388190117018596
~
-5.554087880937001e-06
-0.21170048537073904
-0.27763558360932683
~
-5.554087880937001e-06
-0.20983661983722385
-0.2906855209899567
~
-5.554087880937001e-06
-5.02935161702278e-05
-0.44450863822901143
~
-5.554087880937001e-06
-0.20985454038611753
-0.29011607511472903
~
-5.554087880937001e-06
-6.277263138445642e-05
-5.815130941440268e-05
-5.6526245311360046e-05
-5.6204765096195565e-05
-5.587986422020322e-05
-5.544773411313313e-05
-5.48948246328724e-05
-5.4270144090550906e-05
-5.359184828904615e-05
-5.291904610059514e-05
-5.23372530337456e-05
~
-5.554087880937001e-06
-6.579107357376915e-05
-5.945998183508082e-05
-5.6578172771784244e-05
-5.620655066760034e-05
-5.5875627102365034e-05
-5.5437521348537324e-05
-5.488911982447507e-05
-5.427195989823941e-05
-5.3592270794875616e-05
-5.291919344333937e-05
-5.2337284394891714e-05
~
-5.554087880937001e-06
-6.473387238284159e-05
-5.9786213337582646e-05
-5.656920033868727e-05
-5.620451083046526e-05
-5.5880103012618225e-05
-5.544683693948298e-05
-5.4894672064661484e-05
-5.4279999799994144e-05
-5.359824827832707e-05
-5.2921247263445196e-05
-5.233704804604066e-05
~
-5.554087880937001e-06
-0.21346026532968743
-0.2864413374019269
~
-5.554087880937001e-06
-0.21123622871895087
-0.29079692933706436
~
-5.554087880937001e-06
-0.21180208488198757
-0.2840330042826309
-5.679148219139038e-05
-5.616497591092777e-05
-5.584243877512923e-05
-5.5421012164112894e-05
-5.487788105718863e-05
-5.425952427070799e-05
-5.359252591747132e-05
-5.292078545355533e-05
-5.233780280395801e-05
~
-5.554087880937001e-06
-0.2096802462822293
-0.2882237627845791
~
-5.554087880937001e-06
-3.993736057207182e-05
-0.43868474561591086
~
-5.554087880937001e-06
-6.618958373630949e-05
-0.45420820929306827
~
-5.554087880937001e-06
-6.35134106719721e-05
-5.858204329010224e-05
-5.6576309690370396e-05
-5.6207398045309406e-05
-5.5880231870239094e-05
-5.545214410376079e-05
-5.490000406862922e-05
-5.4272892749231275e-05
-5.359586841442021e-05
-5.291837637461281e-05
-5.233728522638057e-05
~
-5.554087880937001e-06
-3.589676382859183e-05
-6.0946800369619006e-05
-5.657201632806419e-05
-5.6203484767479085e-05
-5.588371985837154e-05
-5.545069745833168e-05
-5.489787798670653e-05
-5.427093949840876e-05
-5.3596049308322426e-05
-5.2921172415315136e-05
-5.233712624751578e-05
~
-5.554087880937001e-06
-6.789791498590558e-05
-0.43688444675340515
~
-5.554087880937001e-06
-4.7960904899201755e-05
-5.9184985600680566e-05
-5.6576362311002e-05
-5.621222372979145e-05
-5.5888033332807615e-05
-5.5458290158983195e-05
-5.4915150311278336e-05
-5.428249321968917e-05
-5.359964962849212e-05
-5.29219976659043e-05
-5.2337039764902116e-05
~
-5.554087880937001e-06
-6.563325617995264e-05
-5.82236253891709e-05
-5.657545407736708e-05
-5.620870668700921e-05
-5.5885491155103063e-05
-5.545108508124702e-05
-5.4901412946653606e-05
-5.427587500559341e-05
-5.359699658574359e-05
-5.29213322644683e-05
-5.233744579169104e-05
~
-5.554087880937001e-06
-6.430527135754645e-05
-5.875017015345515e-05
~
-5.554087880937001e-06
-0.2120088478553891
-0.28965536464421454
~
-5.554087880937001e-06
-4.383283810096447e-05
-0.4485902509081556
~
-5.554087880937001e-06
-1.4947539631367407e-05
-0.4357829711639686
~
-5.554087880937001e-06
-6.577713970395387e-05
-0.42710056031918747
~
-5.554087880937001e-06
-0.2105160203505358
-0.2862108778614974
~
-0.15100205425648394
-0.21339128445229505
-0.292947227163151
~
-0.15100205425648394
-0.20742726985673413
-0.2844012145735434
~
-0.15100205425648394
-0.21515919504632675
-0.286626927492277
~
-0.15100205425648394
-0.212260099318275
-0.27981667947043953
~
-0.15100205425648394
-0.20743834501465216
-0.2889519480536634
~
-0.15100205425648394
-0.21033932379357756
-0.28163567273119106
~
-0.15100205425648394
-0.21052018500277375
-0.29384630881450324
~
-0.15100205425648394
-0.2086216564352337
-0.2809887622711841
~
-0.15100205425648394
-0.2082140638381947
-0.294811211948964
~
-0.15100205425648394
-0.2075767292251565
-0.28205453698189126
~
-0.15100205425648394
-0.20987668947015425
-0.279767742891715
~
-0.15100205425648394
-0.21235926076109382
-0.2919552299979262
~
-0.15100205425648394
-0.20684144244086394
-0.27455665098293897
~
-0.15100205425648394
-0.2131333582740627
-0.28698592638402876
~
-0.15100205425648394
-0.21178039344268945
-0.28983051799180953
~
-0.15100205425648394
-0.21085101784649915
-0.2909037292972638
~
-0.15100205425648394
-0.20817398797118128
-0.2932715918634892
~
-0.15100205425648394
-0.21062228528030266
-0.29087118060118444
~
-0.15100205425648394
-0.21594580309993264
-0.2978654600119679
~
-0.15100205425648394
-0.21256454003334066
-0.29030220574301024
~
-0.15100205425648394
-0.2105157953215243
-0.2806154524892876
~
-0.15100205425648394
-0.21115036014967295
-0.282415556147249
~
-0.15100205425648394
-0.21286114898360037
-0.2818367219655942
~
-0.15100205425648394
-0.20729430206963212
-0.2875486508261949
~
-0.15100205425648394
-0.2164659975095093
-0.30460060677511347
~
-0.15100205425648394
-0.2096841168316665
-0.276576789375606
~
-0.15100205425648394
-0.21169757874117673
-0.2836714701817657
~
-0.15100205425648394
-0.2126387487708511
-0.29950181885248167
~
-0.15100205425648394
-0.21025622704295172
-0.27888353195389043
~
-0.15100205425648394
-0.20708626819403184
-0.2806683775562905
~
-6.56365536426297e-05
-6.172091042298484e-05
-5.760496280371033e-05
-5.653782974463181e-05
-5.623166897002613e-05
-5.5918540575667334e-05
-5.5489609818055506e-05
-5.493204755118377e-05
-5.4297263093845496e-05
-5.3603234527966365e-05
-5.2920186637487246e-05
-5.2336228439701436e-05
~
-6.56365536426297e-05
-6.196849796867922e-05
-5.7608543584254006e-05
-5.6543708565678195e-05
-5.623085180377354e-05
-5.590658862173736e-05
-5.547915914680102e-05
-5.491399493118908e-05
-5.4282716655187484e-05
-5.359546965869297e-05
-5.292004476535745e-05
-5.233693016522403e-05
~
-6.56365536426297e-05
-6.176791648288486e-05
-5.760672900849269e-05
-5.651204834211774e-05
-5.6215042920370515e-05
-5.589572777260093e-05
-5.546505237657996e-05
-5.491137915139611e-05
-5.428538675918883e-05
-5.35993883865931e-05
-5.2921877975308995e-05
-5.233678289914233e-05
~
-6.56365536426297e-05
-6.23089561814784e-05
-5.7667221941371255e-05
-5.654613823382247e-05
-5.621482044925413e-05
-5.5892916491835656e-05
-5.54629127050569e-05
-5.490546256877791e-05
-5.428175517938094e-05
-5.3596802211374857e-05
-5.2920059601215613e-05
-5.233658432771613e-05
~
-6.56365536426297e-05
-6.171031825420572e-05
-5.762141595052851e-05
-5.6534508549449735e-05
-5.622792617469835e-05
-5.5901422543331615e-05
-5.5465384730170626e-05
-5.4913959354223437e-05
-5.4285009713057005e-05
-5.3599884658362285e-05
-5.292111200621439e-05
-5.233673260050339e-05
~
-6.56365536426297e-05
-6.195914005916176e-05
-5.7683278022981403e-05
-5.654394573771772e-05
-5.622753620903175e-05
-5.58998937034389e-05
-5.546892530697597e-05
-5.491636773764657e-05
-5.42808617419835e-05
-5.359651902380146e-05
-5.291957785854072e-05
-5.2336508350950976e-05
~
-6.56365536426297e-05
-6.228540953173952e-05
-5.7708414531763276e-05
-5.6557528489745206e-05
-5.623110958437994e-05
-5.589764864800007e-05
-5.546016547439595e-05
-5.4905061518498205e-05
-5.42743469860199e-05
-5.359490692117499e-05
-5.291925892762804e-05
-5.233646312376282e-05
~
-6.56365536426297e-05
-6.188331687303616e-05
-5.747768869741682e-05
-5.65194669584279e-05
-5.6222505963505086e-05
-5.5900013384120564e-05
-5.5459659260454596e-05
-5.490622812501506e-05
-5.427989343211512e-05
-5.359635868914198e-05
-5.291950798572759e-05
-5.2336896363666257e-05
~
-6.56365536426297e-05
-6.208252687648487e-05
-5.801098466370754e-05
-5.6541087849211236e-05
-5.6232507118922484e-05
-5.590634543404223e-05
-5.5465386015730385e-05
-5.491024064315769e-05
-5.428120911368925e-05
-5.3597276960202326e-05
-5.2920237384159165e-05
-5.2336548593770605e-05
~
-6.56365536426297e-05
-6.247177953627599e-05
-5.791012581378968e-05
-5.6532395383413937e-05
-5.623291027358694e-05
-5.590719250390341e-05
-5.546736733733473e-05
-5.4912850333772964e-05
-5.428251722127215e-05
-5.359672527288691e-05
-5.2919236962268634e-05
-5.2336744912828844e-05
~
-6.56365536426297e-05
-6.198217246606414e-05
-5.783630073781146e-05
-5.6522521477573985e-05
-5.6234357424627056e-05
-5.590303637581483e-05
-5.5468136300381034e-05
-5.4916837187510845e-05
-5.428491937108238e-05
-5.360172229867578e-05
-5.2921687622404536e-05
-5.233655639737525e-05
~
-6.56365536426297e-05
-6.188752347418529e-05
-5.7687329421411887e-05
-5.652308882969499e-05
-5.622120218170998e-05
-5.590334716160886e-05
-5.547179375344048e-05
-5.491898005624919e-05
-5.42864376711834e-05
-5.360095771395223e-05
-5.2920489589014615e-05
-5.2336705108685254e-05
~
-6.56365536426297e-05
-6.237750470162957e-05
-5.8007481122805775e-05
~
-6.56365536426297e-05
-6.19337282358493e-05
-5.763639864948292e-05
-5.653886405100595e-05
-5.6231355879908134e-05
-5.590913949133635e-05
-5.5468679888404146e-05
-5.491140252131002e-05
-5.427763574138986e-05
-5.3595537382967455e-05
-5.292007656070493e-05
-5.2336859205924956e-05
~
-6.56365536426297e-05
-6.189124364322893e-05
-5.768238516837124e-05
-5.65255088566139e-05
-5.621968557088904e-05
-5.589519735898617e-05
-5.5461171977620915e-05
-5.4911873289497455e-05
-5.4283470711644306e-05
-5.3600740616144396e-05
-5.292149565117503e-05
-5.233679254427687e-05
~
-6.56365536426297e-05
-6.207095962770385e-05
-5.772443211094548e-05
-5.6547362698308506e-05
-5.623126648889067e-05
-5.590043534982767e-05
-5.5466949436010714e-05
-5.491277571723574e-05
-5.428277664155362e-05
-5.359847171998887e-05
-5.2920183659311e-05
-5.233686583017522e-05
~
-6.56365536426297e-05
-6.182936417269472e-05
-5.761445200217032e-05
-5.650470692483595e-05
-5.621812129610511e-05
-5.589628985968905e-05
-5.545908350560404e-05
-5.4907246765290244e-05
-5.427870376834632e-05
-5.3595041101085735e-05
-5.292000472243521e-05
-5.2336764374711355e-05
~
-6.56365536426297e-05
-6.202560592076788e-05
-5.783994344531893e-05
-5.654455195414166e-05
-5.622329191965737e-05
-5.590151908353016e-05
-5.5466543940672344e-05
-5.4913330966745425e-05
-5.428267043990083e-05
-5.3596647658061485e-05
-5.291802443090748e-05
-5.23365357488639e-05
~
-6.56365536426297e-05
-6.207724225586192e-05
-5.8170398844373544e-05
-5.655178047707217e-05
-5.6225896268883794e-05
-5.5906888541026485e-05
-5.546730216809821e-05
-5.491492440607871e-05
-5.4281405549837084e-05
-5.3597759812519924e-05
-5.2920097596574494e-05
-5.2336653745415355e-05
~
-6.56365536426297e-05
-6.266183332206661e-05
-5.7950310240746144e-05
-5.657196078941501e-05
-5.624206627154235e-05
-5.591131641506987e-05
-5.5468071036856205e-05
-5.4907785987805746e-05
-5.4276980223848264e-05
-5.359331688675843e-05
-5.29200394241225e-05
-5.2336768331782706e-05
~
-6.56365536426297e-05
-6.215364225342424e-05
-5.779045156744183e-05
-5.654629240435794e-05
-5.6230796558215054e-05
-5.5899704616583086e-05
-5.5467318130041776e-05
-5.491196955527552e-05
-5.427742900307572e-05
-5.3592997192007216e-05
-5.291898280941323e-05
-5.233658584599415e-05
~
-6.56365536426297e-05
-6.201860066172781e-05
-5.764186927459211e-05
-5.652198693680697e-05
-5.621865210334294e-05
-5.5891955788206336e-05
-5.545859919487528e-05
-5.490836145847917e-05
-5.428315794193749e-05
-5.3600050989614015e-05
-5.2920773033897414e-05
-5.233695234851295e-05
~
-6.56365536426297e-05
-6.176528196072007e-05
-5.764352475201244e-05
-5.6501161103939305e-05
-5.621788089162212e-05
-5.589011245516628e-05
-5.5459045643069516e-05
-5.4897856301689644e-05
-5.427407348714718e-05
-5.359719232143603e-05
-5.2921538734960373e-05
-5.233700548803166e-05
~
-6.56365536426297e-05
-6.196205065731163e-05
-5.766199429367113e-05
-5.652753519062379e-05
-5.622449447535258e-05
-5.590307710872027e-05
-5.5459355561389195e-05
-5.490501440469005e-05
-5.427944696344656e-05
-5.360014619546216e-05
-5.292066142997088e-05
-5.2336736445898494e-05
~
-6.56365536426297e-05
-6.173563280826253e-05
-5.773678469796459e-05
-5.6542061745374156e-05
-5.623726781774747e-05
-5.591648520486424e-05
-5.548415239014414e-05
-5.491830470078133e-05
-5.428458660797893e-05
-5.360003288133753e-05
-5.292026466097748e-05
-5.2336464704496016e-05
~
-6.56365536426297e-05
-6.185614195884238e-05
-5.764882041699102e-05
-5.651014474032695e-05
-5.622693661265985e-05
-5.589398345398619e-05
-5.545805950765689e-05
-5.490881679828817e-05
-5.4280362027689614e-05
-5.359872929523342e-05
-5.2920417471691095e-05
-5.2336841332469975e-05
~
-6.56365536426297e-05
-6.193223626757841e-05
-5.756413337914285e-05
-5.6528694166358006e-05
-5.6231660362257e-05
-5.590502502929921e-05
-5.546883034163811e-05
-5.491167396034294e-05
-5.427871004679479e-05
-5.359731752498838e-05
-5.292031711710244e-05
-5.233665801729311e-05
~
-6.56365536426297e-05
-6.195575620493023e-05
-5.7707508204411254e-05
-5.6544724237020384e-05
-5.6231163871653285e-05
-5.590015613766685e-05
-5.546514218341708e-05
-5.4915759250869083e-05
-5.4279576643868905e-05
-5.3596934345635604e-05
-5.2920130840822295e-05
-5.2336683719680016e-05
~
-6.56365536426297e-05
-6.213525835181207e-05
-5.772626188807595e-05
-5.653933597460009e-05
-5.623339382450571e-05
-5.591170310954799e-05
-5.5473875521493055e-05
-5.491755789826826e-05
-5.4283777791590494e-05
-5.359842203423181e-05
-5.2919607266458134e-05
-5.233664965310589e-05
~
-6.56365536426297e-05
-6.201169433256672e-05
-5.771284626284943e-05
-5.6557593362418804e-05
-5.623101901120084e-05
-5.590534501422168e-05
-5.546762090243363e-05
-5.490790932129198e-05
-5.427743756208464e-05
-5.359905060504326e-05
-5.2920183959016756e-05
-5.2336612810434486e-05
~
-0.21197147960659987
-0.29597912743241817
-0.40694765419346296
~
-0.21197147960659987
-0.29183105944233895
-0.4014041540228538
~
-0.21197147960659987
-0.2911484013982606
-0.3924647664094991
~
-0.21197147960659987
-0.28972731995566886
-0.39854033532942595
~
-0.21197147960659987
-0.2888958848379691
-0.3916256030830334
~
-0.21197147960659987
-0.2935381690900667
-0.3786618785630948
~
-0.21197147960659987
-0.29322765492821246
-0.398848401410689
~
-0.21197147960659987
-0.29293482277592503
-0.39838438311928126
~
-0.21197147960659987
-0.288756769740586
-0.38574613419860215
~
-0.21197147960659987
-0.28800846385376966
-0.3916705541196132
~
-0.21197147960659987
-0.29213838520930546
-0.3896983502062922
~
-0.21197147960659987
-0.2936729993430852
-0.40218713009152934
~
-0.21197147960659987
-0.29230185231417327
-0.40572203184448424
~
-0.21197147960659987
-0.29218305378986653
-0.39563983828294147
~
-0.21197147960659987
-0.2941783182137597
-0.4026248560951737
~
-0.21197147960659987
-0.291081711779289
-0.4001284559972332
~
-0.21197147960659987
-0.2915496559220745
-0.39141442778251195
~
-0.21197147960659987
-0.28923350795067226
-0.39839973092071773
~
-0.21197147960659987
-0.2924997699498784
-0.39881397602084995
~
-0.21197147960659987
-0.29256343559173353
-0.39575197939824763
~
-0.21197147960659987
-0.2922603151353048
-0.3975596675401141
~
-0.21197147960659987
-0.29226211016530274
-0.4103374721233639
~
-0.21197147960659987
-0.2932371160822035
-0.40062661236388136
~
-0.21197147960659987
-0.29277546576349367
-0.3824751560880854
~
-0.21197147960659987
-0.29288645689260584
-0.4009699788404003
~
-0.21197147960659987
-0.29147682449286927
-0.3930772784939854
~
-0.21197147960659987
-0.2939032899715523
-0.4038844450253454
~
-0.21197147960659987
-0.28903372854946935
-0.4028599580642951
~
-0.21197147960659987
-0.2870908811908176
-0.3946757122258354
~
-0.21197147960659987
-0.29482415168497533
-0.3929718887471881
~
-0.29074121887209164
-0.40482284549025566
-0.5502309231411164
-0.7802727857886997
~
-0.29074121887209164
-0.40657179018570044
-0.5486128160387103
-0.764629751618778
~
-0.29074121887209164
-0.4043502227389901
-0.5427454225763532
-0.7597420445117734
~
-0.29074121887209164
-0.4033459283802994
-0.5487703003744635
-0.7701187691881778
~
-0.29074121887209164
-0.4060297155109928
-0.5499478691224086
-0.7711898673313659
~
-0.29074121887209164
-0.40350242544442194
-0.5482074428364481
-0.769987173387088
~
-0.29074121887209164
-0.40311417645577563
-0.5519016746861077
-0.7758423314628115
~
-0.29074121887209164
-0.40355349528575607
-0.5489987903819195
-0.7787059227255819
~
-0.29074121887209164
-0.40380491630700044
-0.5436639687042313
-0.7534477721542693
~
-0.29074121887209164
-0.404840324155409
-0.5497128674048029
-0.7751921659183468
~
-0.29074121887209164
-0.4027568080711163
-0.545616730678724
-0.7608328485881897
~
-0.29074121887209164
-0.40702061992961625
-0.5578684105303088
-0.7816682655889365
~
-0.29074121887209164
-0.4069341314643422
-0.5455080504815863
-0.7637106608994233
~
-0.29074121887209164
-0.4046013198207072
-0.5500359035090762
-0.7765912596052356
~
-0.29074121887209164
-0.4027655430159843
-0.5495250065148813
-0.7675357074078415
~
-0.29074121887209164
-0.4040854189588626
-0.5501012349648241
-0.7838656205307809
~
-0.29074121887209164
-0.40614741504858565
-0.5560753229256439
-0.7813090524517483
~
-0.29074121887209164
-0.404312168325662
-0.5447092359417658
-0.7676176982009811
~
-0.29074121887209164
-0.4055401516552837
-0.5456362582793363
-0.7707598018506893
~
-0.29074121887209164
-0.40634477708897965
-0.5541966662712257
-0.784262335188373
~
-0.29074121887209164
-0.4075112617588274
-0.5526344807292964
-0.7702252655160524
~
-0.29074121887209164
-0.4052012741187949
-0.5457512494311055
-0.7707003890519899
~
-0.29074121887209164
-0.40605143363835144
-0.54726122716308
-0.7550512036287763
~
-0.29074121887209164
-0.4042749733957717
-0.5471654987799757
-0.763769751066721
~
-0.29074121887209164
-0.4068824258974
-0.5552653297145498
-0.7701408072786469
~
-0.29074121887209164
-0.40396301584958866
-0.5416571928774955
-0.7656963362566747
~
-0.29074121887209164
-0.4030658194817012
-0.5462038839568127
-0.7629532144764937
~
-0.29074121887209164
-0.4050359557909168
-0.5495459664800987
-0.7709666237871899
~
-0.29074121887209164
-0.40193000425586334
-0.5431085710329191
-0.7560807227768123
~
-0.29074121887209164
-0.4053839873644491
-0.5433548480004111
-0.7602403857714097
~
-0.20023181519329866
-0.27081780007294676
-0.37047979972664463
~
-0.20023181519329866
-0.27255044616192814
-0.3747015710799348
~
-0.20023181519329866
-0.27989022355436777
-0.38444818743227166
~
-0.20023181519329866
-0.27393238830613703
-0.3827569241957271
~
-0.20023181519329866
-0.28054512825685013
-0.37952789336447257
~
-0.20023181519329866
-0.2779927703249285
-0.3847424074960363
~
-0.20023181519329866
-0.27293038758961313
-0.38167418931301533
~
-0.20023181519329866
-0.2804963076725358
-0.3911037243910944
~
-0.20023181519329866
-0.27728814800068685
-0.376176522016927
~
-0.20023181519329866
-0.28068993914494855
-0.3951526597459456
~
-0.20023181519329866
-0.27822713856733133
-0.3733041824548132
~
-0.20023181519329866
-0.2768343212194378
-0.3809363849486946
~
-0.20023181519329866
-0.2746968600398682
-0.3714676907566192
~
-0.20023181519329866
-0.27708283816355683
-0.38728496616344843
~
-0.20023181519329866
-0.2801899800154394
-0.37748486861842345
~
-0.20023181519329866
-0.2808581803758746
-0.3754129925730219
~
-0.20023181519329866
-0.27734517239878403
-0.3699664254561825
~
-0.20023181519329866
-0.27727840607773807
-0.37876506952198546
~
-0.20023181519329866
-0.2768182093488283
-0.3728951509196441
~
-0.20023181519329866
-0.277938798642011
-0.3737277042159878
~
-0.20023181519329866
-0.2779404698099563
-0.3832222377984018
~
-0.20023181519329866
-0.2796041073791981
-0.37005480750765124
~
-0.20023181519329866
-0.2770491592260725
-0.37502067047073295
~
-0.20023181519329866
-0.2777080931449802
-0.3928117207966753
~
-0.20023181519329866
-0.27790815210382014
-0.37272424294959833
~
-0.20023181519329866
-0.28185674953684287
-0.3836760238582917
~
-0.20023181519329866
-0.2821825652009158
-0.3854203787665723
~
-0.20023181519329866
-0.2739816028698798
-0.37300873733478396
~
-0.20023181519329866
-0.2798701520293029
-0.3716314362602805
~
-0.20023181519329866
-0.27627189504784
-0.3709769372120599
~
-0.1802118728213558
-0.24914118845497876
-0.3427190319111869
~
-0.1802118728213558
-0.24821253529488466
-0.34514796067315434
~
-0.1802118728213558
-0.25432452586507
-0.3470326745134956
~
-0.1802118728213558
-0.25068341134904504
-0.3366377199839416
~
-0.1802118728213558
-0.25083877336421384
-0.3367597724704349
~
-0.1802118728213558
-0.24947800730562592
-0.33112525691782585
~
-0.1802118728213558
-0.24995104383177705
-0.34773483808489286
~
-0.1802118728213558
-0.24853985050907484
-0.34609856800542704
~
-0.1802118728213558
-0.24997559517766904
-0.33369535238956943
~
-0.1802118728213558
-0.2518761262257463
-0.3365979804949754
~
-0.1802118728213558
-0.2508027733808129
-0.33322513905283535
~
-0.1802118728213558
-0.24944728445976044
-0.34386140349804006
~
-0.1802118728213558
-0.25010594216293364
-0.3369962162000839
~
-0.1802118728213558
-0.2456012318069071
-0.3211962409526407
~
-0.1802118728213558
-0.24331088168174475
-0.3232393614160657
~
-0.1802118728213558
-0.2484065207195535
-0.33687577799436336
~
-0.1802118728213558
-0.247695439077846
-0.3410182449845851
~
-0.1802118728213558
-0.2519169056212803
-0.3386932766309654
~
-0.1802118728213558
-0.2504522457769369
-0.3415367919337291
~
-0.1802118728213558
-0.24775433872348848
-0.3404864912235833
~
-0.1802118728213558
-0.24839732284800842
-0.3459794530992229
~
-0.1802118728213558
-0.2500496095385523
-0.33829717087455663
~
-0.1802118728213558
-0.25649139782347785
-0.3502417606028864
~
-0.1802118728213558
-0.24443184404516974
-0.33149376224127897
~
-0.1802118728213558
-0.24139616500190947
-0.3274800365246127
~
-0.1802118728213558
-0.2515276305526922
-0.33762189296155615
~
-0.1802118728213558
-0.24764534006966762
-0.3365130712938306
~
-0.1802118728213558
-0.2513242356401848
-0.3379318667305157
~
-0.1802118728213558
-0.24975186056930587
-0.34362734272092965
~
-0.1802118728213558
-0.248949180508614
-0.34270996048623437
~
-6.728868403765815e-05
-6.323581013403059e-05
-5.7119497877838234e-05
-5.646870355155526e-05
-5.6218510256111116e-05
-5.588892780652585e-05
-5.54501496237376e-05
-5.4903669982332694e-05
-5.427499537471596e-05
-5.3592360828414285e-05
-5.2919548230338716e-05
-5.2337056359352736e-05
~
-6.728868403765815e-05
-6.343524199802488e-05
-5.725816282639553e-05
-5.65084860517226e-05
-5.623436922720603e-05
-5.5908498868775114e-05
-5.546788348652104e-05
-5.49092286966522e-05
-5.42764738824547e-05
-5.359421854062267e-05
-5.292059127775704e-05
-5.2336663475970936e-05
~
-6.728868403765815e-05
-6.336630204613923e-05
-5.7215608579262905e-05
-5.648661913541107e-05
-5.6225138007630305e-05
-5.5906042279108935e-05
-5.547343937871595e-05
-5.491688113989192e-05
-5.4282763696875785e-05
-5.359968837080091e-05
-5.292071579341144e-05
-5.233655212818586e-05
~
-6.728868403765815e-05
-6.318458888115347e-05
-5.721979473601968e-05
-5.6516942943235164e-05
-5.624633998494819e-05
-5.5925804859565555e-05
-5.5472755987970345e-05
-5.491853642021047e-05
-5.4288179279632534e-05
-5.35982205525496e-05
-5.2919934262781985e-05
-5.233651111452932e-05
~
-6.728868403765815e-05
-6.160034112744992e-05
-5.720274794018089e-05
-5.647168785029193e-05
-5.6231000600025954e-05
-5.5910851043421395e-05
-5.5467938467929605e-05
-5.490601979990519e-05
-5.427650078604502e-05
-5.3596726360381585e-05
-5.291996937427361e-05
-5.23365957536175e-05
~
-6.728868403765815e-05
-6.336496537323223e-05
-5.718717227716951e-05
-5.6504521176881653e-05
-5.62214341746112e-05
-5.589826206667806e-05
-5.546345174021135e-05
-5.4908310464697696e-05
-5.427982618336476e-05
-5.359659335806613e-05
-5.292086351169159e-05
-5.2336711608408784e-05
~
-6.728868403765815e-05
-6.360925277305644e-05
-5.725072272769026e-05
-5.6502707360253585e-05
-5.62399637409828e-05
-5.591658779315674e-05
-5.547808925699197e-05
-5.491332028840947e-05
-5.428463752723997e-05
-5.359894059609704e-05
-5.292225316104297e-05
-5.2336799587293554e-05
~
-6.728868403765815e-05
-6.314679261511308e-05
-5.721481523717435e-05
-5.647713374380742e-05
-5.622344734498336e-05
-5.591038287211405e-05
-5.546824152660972e-05
-5.4913182326957766e-05
-5.428451256859643e-05
-5.3601053649347176e-05
-5.292036255980295e-05
-5.233652136375251e-05
~
-6.728868403765815e-05
-6.398840333027923e-05
-5.745547955310411e-05
-5.652676692920569e-05
-5.62427014560941e-05
-5.591805002218065e-05
-5.54802567047194e-05
-5.492413091093422e-05
-5.429239519323148e-05
-5.360157513078468e-05
-5.2921621145364985e-05
-5.2336401607175435e-05
~
-6.728868403765815e-05
-6.349721929463035e-05
-5.720597654575174e-05
-5.649646293686705e-05
-5.623219315749318e-05
-5.590887369069212e-05
-5.5463237410832164e-05
-5.4909674263375e-05
-5.4280988569777425e-05
-5.359668960790835e-05
-5.291940464500834e-05
-5.233673558226595e-05
~
-6.728868403765815e-05
-6.327353821007453e-05
-5.7250491820301176e-05
-5.649509365722948e-05
-5.62326359598605e-05
-5.5909246455685636e-05
-5.5479903364691586e-05
-5.492051364637991e-05
-5.428648671113491e-05
-5.359993876886651e-05
-5.291884232878302e-05
-5.233647611743381e-05
~
-6.728868403765815e-05
-6.247325456558248e-05
-5.719186768925661e-05
-5.6475722411434415e-05
-5.622535196043095e-05
-5.5905253102147125e-05
-5.5465654911606444e-05
-5.491012814378466e-05
-5.4277504515490585e-05
-5.360002773535352e-05
-5.2921034021941735e-05
-5.233662194248854e-05
~
-6.728868403765815e-05
-6.298804581885323e-05
-5.725364037951139e-05
-5.6487516464052775e-05
-5.623913339501912e-05
-5.590461611251238e-05
-5.5473258558488065e-05
-5.4912387216373026e-05
-5.428496288289659e-05
-5.359770950835573e-05
-5.291915762743129e-05
-5.233665337376056e-05
~
-6.728868403765815e-05
-6.330906493283004e-05
-5.725148059074816e-05
-5.648133818600844e-05
-5.6229798074200164e-05
-5.5914029768223816e-05
-5.5477998927007854e-05
-5.492160509607512e-05
-5.428943425844713e-05
-5.359968421741854e-05
-5.292008935660448e-05
-5.2336254651537096e-05
~
-6.728868403765815e-05
-6.374659213280707e-05
-5.7230106571137704e-05
-5.65095664155376e-05
-5.6241930958250504e-05
-5.591973707017033e-05
-5.5475093135773535e-05
-5.492577499300702e-05
-5.4292800629942295e-05
-5.360483279558795e-05
-5.2921107588667986e-05
-5.2336369416434856e-05
~
-6.728868403765815e-05
-6.338982181753174e-05
-5.718904006021966e-05
-5.648094480498474e-05
-5.622148477420539e-05
-5.590534530946802e-05
-5.547110302904487e-05
-5.491020816010342e-05
-5.4285247379959006e-05
-5.360118161661281e-05
-5.2921317254956705e-05
-5.233656261310671e-05
~
-6.728868403765815e-05
-6.315529311139202e-05
-5.721782001254378e-05
-5.6478381938030496e-05
-5.6235733869469255e-05
-5.592040317495216e-05
-5.5476122944021705e-05
-5.4921380098616886e-05
-5.428766364177885e-05
-5.360279074129399e-05
-5.29213845583001e-05
-5.2336440113098555e-05
~
-6.728868403765815e-05
-6.31971790071625e-05
-5.718109038185851e-05
-5.647202002409593e-05
-5.622864411347376e-05
-5.591086980015242e-05
-5.547524565371215e-05
-5.492019153832717e-05
-5.428788452543896e-05
-5.3600740697106705e-05
-5.292142042837125e-05
-5.2336771649253604e-05
~
-6.728868403765815e-05
-6.334265081568214e-05
-5.726997316462369e-05
-5.652101181311982e-05
-5.6236750102243565e-05
-5.591364010012789e-05
-5.547556092846979e-05
-5.491782974963305e-05
-5.428831026975902e-05
-5.3597489271316105e-05
-5.291983588046692e-05
-5.2336671461167383e-05
~
-6.728868403765815e-05
-6.336958715467037e-05
-5.7243373782953354e-05
-5.649818373189668e-05
-5.6229620890716025e-05
-5.590247327742572e-05
-5.5468887121497225e-05
-5.490937137232267e-05
-5.428226123539011e-05
-5.360050415352791e-05
-5.292148357527569e-05
-5.233676360642233e-05
~
-6.728868403765815e-05
-6.348560383268935e-05
-5.727971936575971e-05
-5.65014287429491e-05
-5.62391452345499e-05
-5.591316925073614e-05
-5.54744839588873e-05
-5.4918053849980436e-05
-5.4285572862836885e-05
-5.360198598417013e-05
-5.2919840437928885e-05
-5.2336537467549784e-05
~
-6.728868403765815e-05
-6.362938991192074e-05
-5.7306363281839184e-05
-5.651143407852319e-05
-5.6235483139088875e-05
-5.59050166176019e-05
-5.546567903057887e-05
-5.4911226477052474e-05
-5.428974277599057e-05
-5.3604844994118056e-05
-5.2922589976088477e-05
-5.2336674353650146e-05
~
-6.728868403765815e-05
-6.356634157195224e-05
-5.7307371809733066e-05
-5.649651125397926e-05
-5.622057956718104e-05
-5.5905583486773195e-05
-5.5477396963101846e-05
-5.49160632317976e-05
-5.428411900400519e-05
-5.3599062891932994e-05
-5.2919597844195345e-05
-5.233663400633828e-05
~
-6.728868403765815e-05
-6.34770514270504e-05
-5.727466648926258e-05
-5.6492416116919277e-05
-5.623161508881887e-05
-5.59036466541582e-05
-5.545805411136367e-05
-5.4902454212330715e-05
-5.427509147566073e-05
-5.35943036199467e-05
-5.291864428194083e-05
-5.233658854471124e-05
~
-6.728868403765815e-05
-6.34334817278337e-05
-5.731975246519025e-05
-5.650109664083494e-05
-5.6237251805558376e-05
-5.5910774048135624e-05
-5.547827765845345e-05
-5.4917907157059455e-05
-5.428861704845307e-05
-5.36015269482626e-05
-5.2920163628700956e-05
-5.2336433067672274e-05
~
-6.728868403765815e-05
-6.341946527601765e-05
-5.719684653759786e-05
-5.647692473362797e-05
-5.622439561770427e-05
-5.589815225493693e-05
-5.5462417282607006e-05
-5.4907838202771394e-05
-5.427941580662711e-05
-5.3596293192582646e-05
-5.292034717084357e-05
-5.2336627014002034e-05
~
-6.728868403765815e-05
-6.351176154784576e-05
-5.722633540045765e-05
-5.650853119124081e-05
-5.622899513583946e-05
-5.590325859559086e-05
-5.546776313801775e-05
-5.491891680949681e-05
-5.4291238018121596e-05
-5.3602285610648155e-05
-5.292039762013162e-05
-5.233633442152116e-05
~
-6.728868403765815e-05
-6.334783645544071e-05
-5.7244397914945476e-05
-5.647677773320394e-05
-5.621675938614731e-05
-5.589299271657346e-05
-5.545890810478612e-05
-5.491197999555633e-05
-5.4278379549740525e-05
-5.359703970386529e-05
-5.291921840388096e-05
-5.233677671123954e-05
~
-6.728868403765815e-05
-6.38293741781225e-05
-5.724962069911322e-05
-5.650250724426374e-05
-5.621538725379853e-05
-5.5894294236715285e-05
-5.545547578398814e-05
-5.4893687427503855e-05
-5.426634548713192e-05
-5.359223451023705e-05
-5.291861265032419e-05
-5.233706790420432e-05
~
-6.728868403765815e-05
-6.304487459839245e-05
-5.711122090468231e-05
-5.6490614029036624e-05
-5.62345797880863e-05
-5.5901262380941476e-05
-5.546416127928052e-05
-5.49077494462759e-05
-5.4282325955600415e-05
-5.359661973820516e-05
-5.291956416123568e-05
-5.233670950991838e-05
~
-0.1992078405371482
-0.2738756681347577
-0.3810700458699054
~
-0.1992078405371482
-0.27651619385193804
-0.39172107298014075
~
-0.1992078405371482
-0.27325057190965385
-0.3796674384109378
~
-0.1992078405371482
-0.27752032721621495
-0.3706575751817385
~
-0.1992078405371482
-0.27478500795621635
-0.37578597988417256
~
-0.1992078405371482
-0.27340148840810596
-0.382019861240116
~
-0.1992078405371482
-0.2777417348334354
-0.38474888726684514
~
-0.1992078405371482
-0.2762049119659621
-0.3705678737802197
~
-0.1992078405371482
-0.276799742032656
-0.377802160931665
~
-0.1992078405371482
-0.27791519246559265
-0.37898257532440005
~
-0.1992078405371482
-0.27641207399691925
-0.3703573110668896
~
-0.1992078405371482
-0.2714040491768099
-0.3801635551986838
~
-0.1992078405371482
-0.2762720835458094
-0.38365900664425223
~
-0.1992078405371482
-0.27585945829439246
-0.38047990430949724
~
-0.1992078405371482
-0.2746831012961573
-0.3796920156422824
~
-0.1992078405371482
-0.276424941490357
-0.37878606484791627
~
-0.1992078405371482
-0.2777801295795793
-0.3746148743383517
~
-0.1992078405371482
-0.2719755718335425
-0.36733976455013284
~
-0.1992078405371482
-0.27772002918177663
-0.3930388045814549
~
-0.1992078405371482
-0.2731166742811073
-0.3681954671240111
~
-0.1992078405371482
-0.2766334084674564
-0.3837651333395026
~
-0.1992078405371482
-0.2749675179755113
-0.37837109253235723
~
-0.1992078405371482
-0.276323535973002
-0.3749081224321473
~
-0.1992078405371482
-0.27718137670313897
-0.3803676102282447
~
-0.1992078405371482
-0.27388729870615425
-0.3652162182658956
~
-0.1992078405371482
-0.2810802209423606
-0.3803192380396181
~
-0.1992078405371482
-0.2760397046057132
-0.3712076564448151
~
-0.1992078405371482
-0.27765727525756567
-0.3831267100783126
~
-0.1992078405371482
-0.2763686780245823
-0.37157250839782324
~
-0.1992078405371482
-0.2823296417413443
-0.3834636938644837
~
-0.17431490263317387
-0.24685664375022634
-0.33197997406077917
~
-0.17431490263317387
-0.24292898412894895
-0.33451674726068187
~
-0.17431490263317387
-0.24165748615519295
-0.3318228364932535
~
-0.17431490263317387
-0.23906376498712933
-0.312987659942501
~
-0.17431490263317387
-0.23965612595009916
-0.31819257795917233
~
-0.17431490263317387
-0.24384542216934904
-0.3250286712640308
~
-0.17431490263317387
-0.24490739888166627
-0.3363192188589627
~
-0.17431490263317387
-0.24059423937391436
-0.32259004122926405
~
-0.17431490263317387
-0.24526745643415948
-0.34321143548690564
~
-0.17431490263317387
-0.24404060302159467
-0.33676189233440645
~
-0.17431490263317387
-0.23999109051928125
-0.33276568375666743
~
-0.17431490263317387
-0.24039503215807645
-0.32711442183397577
~
-0.17431490263317387
-0.2427087166111292
-0.3264804085433318
~
-0.17431490263317387
-0.24332646581400988
-0.33693527664319145
~
-0.17431490263317387
-0.24192607369116453
-0.330806199000504
~
-0.17431490263317387
-0.23938752230432545
-0.32480166563241364
~
-0.17431490263317387
-0.24319558999471122
-0.33742582723307546
~
-0.17431490263317387
-0.23754606362976338
-0.3257324960750294
~
-0.17431490263317387
-0.2409844989032545
-0.32228165898132455
~
-0.17431490263317387
-0.23872413367183318
-0.33021845498482055
~
-0.17431490263317387
-0.24165814267041086
-0.3297594218419137
~
-0.17431490263317387
-0.24061187902907355
-0.3320997964829146
~
-0.17431490263317387
-0.24491553307825892
-0.3355233034208273
~
-0.17431490263317387
-0.24187480596148883
-0.3356614654702249
~
-0.17431490263317387
-0.2424656541359278
-0.332062797943538
~
-0.17431490263317387
-0.24356451956705327
-0.32214171516088075
~
-0.17431490263317387
-0.2384188016124697
-0.32915220794628375
~
-0.17431490263317387
-0.2388899202274631
-0.32017975122214914
~
-0.17431490263317387
-0.24714744307587225
-0.33460879433148666
~
-0.17431490263317387
-0.24132848694360698
-0.32737645471593646
~
-0.2565367092612203
-0.3506918979686399
-0.4749279116170354
~
-0.2565367092612203
-0.3517197464344901
-0.47417381341657694
~
-0.2565367092612203
-0.353344614668973
-0.4816614497471059
~
-0.2565367092612203
-0.35363463652643223
-0.6307672688917254
-0.8978736626018612
~
-0.2565367092612203
-0.3530103250925325
-0.4735531816638757
~
-0.2565367092612203
-0.351366338968578
-0.4713408162464383
~
-0.2565367092612203
-0.3539181274672683
-0.47868696196055344
~
-0.2565367092612203
-0.354727236189919
-0.48487317738444335
~
-0.2565367092612203
-0.35009872514427826
-0.4718652752058975
~
-0.2565367092612203
-0.35007904599370576
-0.4747683128007871
~
-0.2565367092612203
-0.3509773662302545
-0.4725663167417929
~
-0.2565367092612203
-0.34782473474218545
-0.6240046973638114
-0.8862832345340491
~
-0.2565367092612203
-0.3520115508945743
-0.48011556306434494
~
-0.2565367092612203
-0.3525492041484075
-0.473656044910621
~
-0.2565367092612203
-0.3515854032266762
-0.4740932619903408
~
-0.2565367092612203
-0.3472808976233706
-0.4689544669188508
~
-0.2565367092612203
-0.3496644088640275
-0.48459138918747596
~
-0.2565367092612203
-0.3497256009139337
-0.46678740116369055
~
-0.2565367092612203
-0.3510833124814389
-0.4740275695289253
~
-0.2565367092612203
-0.3527627932810166
-0.47988719840027727
~
-0.2565367092612203
-0.3484751767766753
-0.46700442016957455
~
-0.2565367092612203
-0.3527679365003092
-0.4704791096540785
~
-0.2565367092612203
-0.35101231355696133
-0.4737864249653611
~
-0.2565367092612203
-0.3521540544983691
-0.48591018492823107
~
-0.2565367092612203
-0.3446913014229041
-0.4694334048790516
~
-0.2565367092612203
-0.3507965762667145
-0.48054074582042633
~
-0.2565367092612203
-0.35290732287699783
-0.4825181463208795
~
-0.2565367092612203
-0.3498038134993912
-0.47650034817469983
~
-0.2565367092612203
-0.3533583385826
-0.6335228806268333
-0.9105649464344066
~
-0.2565367092612203
-0.3506138880978593
-0.48002694995057943
~
-0.18118619015662854
-0.24970512453580737
-0.3458718133109996
~
-0.18118619015662854
-0.2519599212863575
-0.34891279547673887
~
-0.18118619015662854
-0.25016361475413995
-0.3477768390014381
~
-0.18118619015662854
-0.25270253936174236
-0.34630701886917736
~
-0.18118619015662854
-0.24998371730656832
-0.3429334635268979
~
-0.18118619015662854
-0.25163046121380406
-0.3524759516777608
~
-0.18118619015662854
-0.2527388896883284
-0.3534664894162642
~
-0.18118619015662854
-0.2525333254629566
-0.34439980898966727
~
-0.18118619015662854
-0.24525938086433768
-0.33379907321545055
~
-0.18118619015662854
-0.2507592216165214
-0.3365288113572128
~
-0.18118619015662854
-0.24813883966801753
-0.32694138262436284
~
-0.18118619015662854
-0.24293212593493416
-0.33757471670904776
~
-0.18118619015662854
-0.25019834800569835
-0.3380581107674989
~
-0.18118619015662854
-0.2547238728591312
-0.35670063053242246
~
-0.18118619015662854
-0.25778659492484685
-0.35101715718895926
~
-0.18118619015662854
-0.2494898867772483
-0.3468444193008035
~
-0.18118619015662854
-0.25146756907912754
-0.34013282150217067
~
-0.18118619015662854
-0.2512881418231987
-0.3443891743765097
~
-0.18118619015662854
-0.24759794356343942
-0.3338582262478112
~
-0.18118619015662854
-0.25430506543753667
-0.3566792793363709
~
-0.18118619015662854
-0.25130618320374193
-0.33999451015368914
~
-0.18118619015662854
-0.25365493419465673
-0.3395710673454951
~
-0.18118619015662854
-0.25301909412383483
-0.3399158420977319
~
-0.18118619015662854
-0.24918075600149947
-0.33187938633111813
~
-0.18118619015662854
-0.25014301792837507
-0.33346316532305226
~
-0.18118619015662854
-0.24404944435362036
-0.3289207273029722
~
-0.18118619015662854
-0.25289483869885365
-0.34910194021058855
~
-0.18118619015662854
-0.2482346357039883
-0.3422609516994872
~
-0.18118619015662854
-0.25055589947166623
-0.3324511646602708
~
-0.18118619015662854
-0.2500527080072578
-0.34705348482154524
~
-0.24048633966345115
-0.3315514410202649
-0.4348703490269302
~
-0.24048633966345115
-0.33560519226471347
-0.4488742054174695
~
-0.24048633966345115
-0.33079062402655307
-0.4527427874336056
~
-0.24048633966345115
-0.3331348292058581
-0.45373219684535976
~
-0.24048633966345115
-0.3320995090270082
-0.44977658253510716
~
-0.24048633966345115
-0.3296781770362153
-0.44218886841721877
~
-0.24048633966345115
-0.3302669843963274
-0.4454774139795201
~
-0.24048633966345115
-0.33215067345580784
-0.45117811092942617
~
-0.24048633966345115
-0.33089791517855366
-0.4533533503282717
~
-0.24048633966345115
-0.3290282725590145
-0.4443441472759412
~
-0.24048633966345115
-0.33116297479160267
-0.4542930733140834
~
-0.24048633966345115
-0.33505879544883843
-0.4551877377454656
~
-0.24048633966345115
-0.3341254756708147
-0.45337279385091955
~
-0.24048633966345115
-0.33324204116189343
-0.4523730532847719
~
-0.24048633966345115
-0.33550692853766756
-0.4566975571990061
~
-0.24048633966345115
-0.3287629744284054
-0.4561604814325434
~
-0.24048633966345115
-0.3321868292326384
-0.4437541438984541
~
-0.24048633966345115
-0.3267071282596124
-0.4480796527330004
~
-0.24048633966345115
-0.3284093767969974
-0.4494048670583541
~
-0.24048633966345115
-0.33663843982999647
-0.4579421712995938
~
-0.24048633966345115
-0.3288971013372974
-0.44410870203175845
~
-0.24048633966345115
-0.3330223574195324
-0.4694977349971331
~
-0.24048633966345115
-0.3307304639939421
-0.44365652404164013
~
-0.24048633966345115
-0.32967309303126974
-0.4579672950860006
~
-0.24048633966345115
-0.33112639035875274
-0.44796184095222674
~
-0.24048633966345115
-0.3390795064527494
-0.46280563863851665
~
-0.24048633966345115
-0.33663616683058556
-0.4599629073341207
~
-0.24048633966345115
-0.3312381234370327
-0.460646432139186
~
-0.24048633966345115
-0.33137564993319
-0.456280327106308
~
-0.24048633966345115
-0.32843553935272896
-0.44042728152777827
~
-6.37707607938837e-05
-6.085669733753985e-05
-5.769355183427512e-05
-5.653101204708558e-05
-5.6224287821446936e-05
-5.590494043803438e-05
-5.5460143862283456e-05
-5.490699927804727e-05
-5.4274289121321376e-05
-5.359588208558218e-05
-5.2918730820933735e-05
-5.233709557408875e-05
~
-6.37707607938837e-05
-6.106633269122219e-05
-5.776906594777945e-05
-5.6517143607172115e-05
-5.621397966587298e-05
-5.5895084550148674e-05
-5.5464428248056736e-05
-5.49098821032456e-05
-5.4283282993523094e-05
-5.360195798251651e-05
-5.292117461170871e-05
-5.233680925395328e-05
~
-6.37707607938837e-05
-6.0836191250087705e-05
-5.7759208148843715e-05
-5.650856373571489e-05
-5.620816882649887e-05
-5.589619694793589e-05
-5.5463989930361575e-05
-5.4914050288016464e-05
-5.428179187422259e-05
-5.359838839309243e-05
-5.292164038375018e-05
-5.2336596149392474e-05
~
-6.37707607938837e-05
-6.086405390900444e-05
-5.7834675577053185e-05
-5.652320750649782e-05
-5.622820833352385e-05
-5.590534376657615e-05
-5.547208177332912e-05
-5.4916978759571594e-05
-5.4285290721701954e-05
-5.3598744679818865e-05
-5.2920949432692745e-05
-5.233647415819777e-05
~
-6.37707607938837e-05
-6.101925179236465e-05
-5.7878658352502916e-05
-5.652014076229749e-05
-5.621796985046609e-05
-5.589005103166886e-05
-5.546291593237551e-05
-5.491278100712435e-05
-5.428318615829279e-05
-5.360036481363985e-05
-5.2921013452190686e-05
-5.2336909111779355e-05
~
-6.37707607938837e-05
-6.085783275313709e-05
-5.773533869011587e-05
-5.6526376784196034e-05
-5.6213805012701294e-05
-5.5902158573900255e-05
-5.546392795172644e-05
-5.4907001203767596e-05
-5.427759673822709e-05
-5.3596995971693275e-05
-5.292045578381173e-05
-5.233683312417963e-05
~
-6.37707607938837e-05
-6.08788733323234e-05
-5.779734366741687e-05
-5.653457578395307e-05
-5.621190933730411e-05
-5.589079040867771e-05
-5.545680618875215e-05
-5.4907916240086183e-05
-5.4279713358841975e-05
-5.3595792401660934e-05
-5.2920207606307154e-05
-5.2336820745864496e-05
~
-6.37707607938837e-05
-6.090826910649751e-05
-5.768016065049009e-05
-5.651196449478023e-05
-5.620057165970752e-05
-5.587988843232923e-05
-5.545047417244806e-05
-5.489934593067357e-05
-5.4278275607617204e-05
-5.360020083182334e-05
-5.292105153707382e-05
-5.23372371345607e-05
~
-6.37707607938837e-05
-6.0780570556506443e-05
-5.777075973561153e-05
-5.650601921357336e-05
-5.620960559470069e-05
-5.588174290480491e-05
-5.545224358771715e-05
-5.49058999228777e-05
-5.427946211512609e-05
-5.359638883807495e-05
-5.2919654576360975e-05
-5.23367642293757e-05
~
-6.37707607938837e-05
-6.078054022486028e-05
-5.773750498565827e-05
-5.651141074592859e-05
-5.621245387289193e-05
-5.589809236957594e-05
-5.54627777538878e-05
-5.490645229524576e-05
-5.428079988922555e-05
-5.3595872640657405e-05
-5.292098527699266e-05
-5.23371205895513e-05
~
-6.37707607938837e-05
-6.08850291654878e-05
-5.77915985975452e-05
-5.6522282379928636e-05
-5.6216623431777534e-05
-5.588861943496397e-05
-5.545181327129595e-05
-5.489978822667929e-05
-5.4273708993899736e-05
-5.3596682526603235e-05
-5.292018293916999e-05
-5.233705798299323e-05
~
-6.37707607938837e-05
-6.080469828558396e-05
-5.7705321442325784e-05
-5.6535975732894973e-05
-5.6207200717450106e-05
-5.5888602482346216e-05
-5.545611113191545e-05
-5.490417077424824e-05
-5.428016845718519e-05
-5.359853124054215e-05
-5.2920191763331195e-05
-5.233695123875135e-05
~
-6.37707607938837e-05
-6.123657986938998e-05
-5.7750862911703566e-05
-5.6461305534545804e-05
-5.6194267920060884e-05
-5.5878721271848165e-05
-5.544439765230577e-05
-5.490436558222659e-05
-5.4282175164800084e-05
-5.359582066611455e-05
-5.29196568820118e-05
-5.233671415736578e-05
~
-6.37707607938837e-05
-6.086291052583242e-05
-5.7775129627823403e-05
-5.651941439896675e-05
-5.6210576961653725e-05
-5.5889058068151687e-05
-5.545522544259236e-05
-5.4900634327947495e-05
-5.427718164007439e-05
-5.359690206231404e-05
-5.291990797050502e-05
-5.2336895659457565e-05
~
-6.37707607938837e-05
-6.087092425628665e-05
-5.773062052212677e-05
-5.650443541555337e-05
-5.620663889449294e-05
-5.5885988575894415e-05
-5.545452473973806e-05
-5.490475730719014e-05
-5.427727671943817e-05
-5.359624801267367e-05
-5.292052482450233e-05
-5.2336582402352367e-05
~
-6.37707607938837e-05
-6.094203238686202e-05
-5.7755044664270246e-05
-5.652328353968659e-05
-5.620975309080655e-05
-5.589170582936371e-05
-5.546006559308112e-05
-5.490165201840599e-05
-5.427784733125052e-05
-5.3598645410831676e-05
-5.291913543572554e-05
-5.233688064302699e-05
~
-6.37707607938837e-05
-6.0855869584574886e-05
-5.7739678696844206e-05
-5.650052851014635e-05
-5.62073657678943e-05
-5.5890445522311956e-05
-5.546401943503429e-05
-5.491016539181164e-05
-5.427828496151229e-05
-5.360140054367741e-05
-5.292158409198365e-05
-5.233686324859733e-05
~
-6.37707607938837e-05
-6.0929415743463546e-05
-5.7791594888305327e-05
-5.6529785977543575e-05
-5.620891027744909e-05
-5.5874566617403293e-05
-5.5446293033690274e-05
-5.4900568220887815e-05
-5.427474461209021e-05
-5.359773730681943e-05
-5.2921065754528216e-05
-5.233696475592464e-05
~
-6.37707607938837e-05
-6.097211724549059e-05
-5.775200231435187e-05
-5.651821315521099e-05
-5.621177605056303e-05
-5.588751402847287e-05
-5.5461128695418474e-05
-5.4913870313334524e-05
-5.428427360690864e-05
-5.3597089970279194e-05
-5.292083577010587e-05
-5.233685901450977e-05
~
-6.37707607938837e-05
-6.123276695813071e-05
-5.7849026415136586e-05
-5.653360702885183e-05
-5.6222276929868514e-05
-5.589112648689583e-05
-5.5460045105225586e-05
-5.490080930331991e-05
-5.4273669258609246e-05
-5.359889730152519e-05
-5.2920773529051205e-05
-5.233691020300047e-05
~
-6.37707607938837e-05
-6.104148860406042e-05
-5.7752153928095346e-05
-5.6510295018949983e-05
-5.6211072049151775e-05
-5.58834427443859e-05
-5.545151901175091e-05
-5.490233289441489e-05
-5.427541671951054e-05
-5.359521645788414e-05
-5.291985308583946e-05
-5.233692352721801e-05
~
-6.37707607938837e-05
-6.079879507275552e-05
-5.770990543448492e-05
-5.653641012386557e-05
-5.6215434047628395e-05
-5.589285044892607e-05
-5.545546809202233e-05
-5.490616961129164e-05
-5.4282260066633186e-05
-5.3598137443772954e-05
-5.291914035717377e-05
-5.233668728880734e-05
~
-6.37707607938837e-05
-6.082102949208438e-05
-5.7799465799900374e-05
-5.654208851658289e-05
-5.6228968031602487e-05
-5.58995996952963e-05
-5.5468544119990714e-05
-5.4911378557159805e-05
-5.42786181082292e-05
-5.359796876957073e-05
-5.29193658097833e-05
-5.233649270726682e-05
~
-6.37707607938837e-05
-6.0822800300029515e-05
-5.770293088379546e-05
-5.652084070591716e-05
-5.6215519073695386e-05
-5.5892436838907156e-05
-5.546239825888167e-05
-5.490212674951665e-05
-5.42755934865475e-05
-5.359779454632084e-05
-5.2921482705197086e-05
-5.233691334436529e-05
~
-6.37707607938837e-05
-6.085410084295672e-05
-5.7760525145720416e-05
-5.65110825688138e-05
-5.620635722655151e-05
-5.5892488527983643e-05
-5.5459373940066756e-05
-5.4903767622311844e-05
-5.427714318965971e-05
-5.3593034336628443e-05
-5.2919013179886936e-05
-5.233697089533866e-05
~
-6.37707607938837e-05
-6.09237764378546e-05
-5.7660700846547694e-05
-5.6516655389743614e-05
-5.6218253218203326e-05
-5.5895794913733544e-05
-5.5456273339023113e-05
-5.490097760810932e-05
-5.427576620195398e-05
-5.359446934546773e-05
-5.2919308345649015e-05
-5.233678862737399e-05
~
-6.37707607938837e-05
-6.106492927917635e-05
-5.781209741765059e-05
-5.6524731765439384e-05
-5.622211677473242e-05
-5.5900788694669676e-05
-5.545927900716993e-05
-5.4905751974968585e-05
-5.427829487204215e-05
-5.359545675667699e-05
-5.291892853914368e-05
-5.2336851792093824e-05
~
-6.37707607938837e-05
-6.095683596778428e-05
-5.7712306386429044e-05
-5.652448397285108e-05
-5.6209757069120064e-05
-5.588503900434124e-05
-5.545630321561451e-05
-5.490852726616006e-05
-5.427973902946361e-05
-5.359716617748465e-05
-5.292008324568246e-05
-5.233683374831388e-05
~
-6.37707607938837e-05
-6.082171780647709e-05
-5.783191493819548e-05
-5.651203027686433e-05
-5.6199807140087814e-05
-5.588570709511746e-05
-5.545714733314806e-05
-5.4909999112581194e-05
-5.427259284183753e-05
-5.3597196750820153e-05
-5.291975114124946e-05
-5.233672692485444e-05
~
-6.37707607938837e-05
-6.0996168662725886e-05
-5.774730618761672e-05
-5.6495872010426236e-05
-5.620817036789841e-05
-5.5886505139899974e-05
-5.545126973715908e-05
-5.490785427375813e-05
-5.4277333947701105e-05
-5.359321506455756e-05
-5.291946865062164e-05
-5.233701594734011e-05
~
-0.178240327569622
-0.2452541634413089
-0.3330346021733824
~
-0.178240327569622
-0.2488982916652187
-0.336765640175599
~
-0.178240327569622
-0.249301941689273
-0.34100511498005776
~
-0.178240327569622
-0.24764160797764267
-0.33855035801025374
~
-0.178240327569622
-0.2485005829563867
-0.34279689404793223
~
-0.178240327569622
-0.2481326276430201
-0.34367954467745293
~
-0.178240327569622
-0.24870453511997576
-0.34035070280437796
~
-0.178240327569622
-0.24958794700429227
-0.3310692766600149
~
-0.178240327569622
-0.24635760722630323
-0.3444313572426705
~
-0.178240327569622
-0.24749507025425974
-0.3353178437680646
~
-0.178240327569622
-0.24582770925802416
-0.33880230185483906
~
-0.178240327569622
-0.24549413253379607
-0.3357284653922935
~
-0.178240327569622
-0.24780873969404016
-0.33465433038431774
~
-0.178240327569622
-0.24521059079592733
-0.34100145103422336
~
-0.178240327569622
-0.24599507410926322
-0.32212274729271856
~
-0.178240327569622
-0.2456613210716916
-0.33083263466961077
~
-0.178240327569622
-0.2486545833098099
-0.3301212020563086
~
-0.178240327569622
-0.2502264726095426
-0.3488979967091666
~
-0.178240327569622
-0.2476667646589898
-0.3437638123279541
~
-0.178240327569622
-0.24908703222978115
-0.3418014716368241
~
-0.178240327569622
-0.24807208166705794
-0.34171072328179236
~
-0.178240327569622
-0.24238209477411254
-0.32390763329081285
~
-0.178240327569622
-0.2475966178623219
-0.32999254924232824
~
-0.178240327569622
-0.2505107655167674
-0.3242741873513837
~
-0.178240327569622
-0.24820839882958856
-0.34645312329473876
~
-0.178240327569622
-0.24405450486898536
-0.33088943995035214
~
-0.178240327569622
-0.24857186700846728
-0.3328205793366564
~
-0.178240327569622
-0.24573317258399102
-0.33735835572600953
~
-0.178240327569622
-0.247799070759126
-0.339757775822888
~
-0.178240327569622
-0.24744513978564106
-0.33344529829722447
~
-0.17775732254466295
-0.24411247560664998
-0.34857835112494595
~
-0.17775732254466295
-0.24463420688250617
-0.32899709884962086
~
-0.17775732254466295
-0.2441767890331763
-0.321462731737486
~
-0.17775732254466295
-0.24383543040011357
-0.3304826102470045
~
-0.17775732254466295
-0.24653212138754468
-0.328969484425567
~
-0.17775732254466295
-0.2492236145944216
-0.33139674622192
~
-0.17775732254466295
-0.24125291609349556
-0.32569672487202783
~
-0.17775732254466295
-0.24596094300146043
-0.33356156051687974
~
-0.17775732254466295
-0.24367932370782902
-0.31925210603983495
~
-0.17775732254466295
-0.2500689905058493
-0.34532726210513454
~
-0.17775732254466295
-0.2505201382636661
-0.3412838137989609
~
-0.17775732254466295
-0.24510846269289555
-0.33570868943311566
~
-0.17775732254466295
-0.2498535182565685
-0.33711953447426657
~
-0.17775732254466295
-0.24630752610905798
-0.34211858408445006
~
-0.17775732254466295
-0.243776108041236
-0.32005839744748116
~
-0.17775732254466295
-0.24892755777328357
-0.3364607810633684
~
-0.17775732254466295
-0.24607337395442744
-0.3402245507300769
~
-0.17775732254466295
-0.241426459881473
-0.33011774946113664
~
-0.17775732254466295
-0.24838437069796818
-0.33299677764542873
~
-0.17775732254466295
-0.24470561431209586
-0.3278094037174694
~
-0.17775732254466295
-0.24729325290589094
-0.35633206242037857
~
-0.17775732254466295
-0.2440849512930816
-0.34079588773310704
~
-0.17775732254466295
-0.24420685827840558
-0.32502777861155646
~
-0.17775732254466295
-0.2430917595423572
-0.34268777894811786
~
-0.17775732254466295
-0.24815632123264117
-0.3407431238398836
~
-0.17775732254466295
-0.24946723168367976
-0.3392196867788378
~
-0.17775732254466295
-0.2475277040232467
-0.3278643917121311
~
-0.17775732254466295
-0.24790107412938012
-0.33616513070794257
~
-0.17775732254466295
-0.24589271821666756
-0.33231226122872753
~
-0.17775732254466295
-0.24683534139256819
-0.3344065419341089
~
-0.24934153064065634
-0.3371494161287207
-0.4676648426470733
~
-0.24934153064065634
-0.3421547915610363
-0.46392740226044443
~
-0.24934153064065634
-0.34214296763353874
-0.46036070419951786
~
-0.24934153064065634
-0.3494475953458728
-0.47708859462595415
~
-0.24934153064065634
-0.3424092245394237
-0.47960453608676396
~
-0.24934153064065634
-0.3444950924963085
-0.47768025739233166
~
-0.24934153064065634
-0.3429025408775088
-0.4641524631529104
~
-0.24934153064065634
-0.3427405335316014
-0.4688026421730926
~
-0.24934153064065634
-0.3430353689866076
-0.4761239310095223
~
-0.24934153064065634
-0.3451727345047091
-0.4682949956739068
~
-0.24934153064065634
-0.3424221911015261
-0.4750453212389072
~
-0.24934153064065634
-0.3438888977187385
-0.4749520605894926
~
-0.24934153064065634
-0.3489227950476744
-0.46916842023438704
~
-0.24934153064065634
-0.34207186120100097
-0.4671007564402432
~
-0.24934153064065634
-0.344010972293068
-0.48099903809544536
~
-0.24934153064065634
-0.346033096359195
-0.48477925413747164
~
-0.24934153064065634
-0.3422541767655216
-0.47278965799694594
~
-0.24934153064065634
-0.3477696726199185
-0.4755078978775834
~
-0.24934153064065634
-0.3455295084621245
-0.4739631423187214
~
-0.24934153064065634
-0.344722786909141
-0.46918571828441746
~
-0.24934153064065634
-0.344748120964628
-0.4641548163800503
~
-0.24934153064065634
-0.3455249039982036
-0.4711240320167273
~
-0.24934153064065634
-0.3401098499034905
-0.4592673982400205
~
-0.24934153064065634
-0.34225530412320776
-0.4597536549136086
~
-0.24934153064065634
-0.3452811721721447
-0.4783011209660674
~
-0.24934153064065634
-0.34435051337729256
-0.4711361163932979
~
-0.24934153064065634
-0.34171217505565205
-0.45900300423218
~
-0.24934153064065634
-0.3387501633436636
-0.47290996735446755
~
-0.24934153064065634
-0.3407911517493562
-0.4662820959764982
~
-0.24934153064065634
-0.3457472725485172
-0.46946901716319694
~
-0.23819713749580226
-0.32214941071243564
-0.44109952384097595
~
-0.23819713749580226
-0.3299647759017319
-0.44709603660561104
~
-0.23819713749580226
-0.327643946094987
-0.4367430142071903
~
-0.23819713749580226
-0.3250619534270093
-0.4562203772442071
~
-0.23819713749580226
-0.33419519887254034
-0.4590580222548079
~
-0.23819713749580226
-0.3336770775970487
-0.4617274520103119
~
-0.23819713749580226
-0.3334257347488723
-0.4589805278258512
~
-0.23819713749580226
-0.3268317217258298
-0.4341910650237423
~
-0.23819713749580226
-0.32690669960300067
-0.4494977448830138
~
-0.23819713749580226
-0.33042218819064867
-0.4540675433191673
~
-0.23819713749580226
-0.3249501947205043
-0.4434169201189686
~
-0.23819713749580226
-0.32571619652872563
-0.4316295884954141
~
-0.23819713749580226
-0.3261037167356621
-0.4543084044561477
~
-0.23819713749580226
-0.32655213482645684
-0.4575643010129796
~
-0.23819713749580226
-0.32575163194157836
-0.44334379058275586
~
-0.23819713749580226
-0.3289727009078935
-0.4513628060286078
~
-0.23819713749580226
-0.3248176159546709
-0.4466918346283876
~
-0.23819713749580226
-0.3278637402485245
-0.4396935291765756
~
-0.23819713749580226
-0.3264342428620824
-0.44666071005724756
~
-0.23819713749580226
-0.32507682932491094
-0.4428447622722627
~
-0.23819713749580226
-0.3276453957545911
-0.44929017078594247
~
-0.23819713749580226
-0.3275307192567782
-0.4467254319869132
~
-0.23819713749580226
-0.3265712057464763
-0.4440816064592065
~
-0.23819713749580226
-0.32621474783142496
-0.4424284565590378
~
-0.23819713749580226
-0.32714283096930563
-0.44462161814654044
~
-0.23819713749580226
-0.3294541327155106
-0.439316700801723
~
-0.23819713749580226
-0.32547136980197977
-0.4562870623588046
~
-0.23819713749580226
-0.33109641696132813
-0.45119558304570967
~
-0.23819713749580226
-0.3222562743233292
-0.4417381815156295
~
-0.23819713749580226
-0.32478570063987594
-0.43721638805595864
~
-0.2619878469549272
-0.18884274531629608
-0.6503114239606824
~
-0.2619878469549272
-0.3751489449340505
-0.5112569183357258
~
-0.2619878469549272
-0.2887598301332207
-0.5638304850646212
~
-0.2619878469549272
-0.3733613825986211
-0.6399844291887496
~
-0.2619878469549272
-0.27516965694036644
-0.5738571129763844
~
-0.2619878469549272
-0.36853607408400196
-0.643818001936711
~
-0.2619878469549272
-0.37636869480800955
-0.5232582428536313
~
-0.2619878469549272
-0.37979816728077115
-0.641001255642326
~
-0.2619878469549272
-0.3771670012255436
-0.6412494732477567
~
-0.2619878469549272
-0.3781338956022192
-0.515833112581165
~
-0.2619878469549272
-0.3694170775695411
-0.501832531228878
~
-0.2619878469549272
-0.31386198502628593
-0.6590179819407925
~
-0.2619878469549272
-0.3590118578659551
-0.5239245906602151
~
-0.2619878469549272
-0.36975625313363364
-0.5100440488007372
~
-0.2619878469549272
-0.37324230536661435
-0.6378476186405533
~
-0.2619878469549272
-0.36675854089237486
-0.5212120624202529
~
-0.2619878469549272
-0.33900456852954575
-0.5365579088414624
~
-0.2619878469549272
-0.378728688244219
-0.508042856656723
~
-0.2619878469549272
-0.37314552819892677
-0.5188301786888272
~
-0.2619878469549272
-0.3659376204871687
-0.6357004468778891
-5.926493292826765e-05
-5.624982733770072e-05
-5.58677226631214e-05
-5.5441961466968446e-05
-5.4891719972403236e-05
-5.4268516643473706e-05
-5.359278257142389e-05
-5.292042592781305e-05
-5.233755143189036e-05
~
-0.2619878469549272
-0.3724180037740248
-0.5231320089801349
~
-0.2619878469549272
-0.3346831720330842
-0.6477948795935274
~
-0.2619878469549272
-0.38019653095934103
-0.6397738331614569
~
-0.2619878469549272
-0.37628796562139727
-0.6443370980778234
-5.9855554551131654e-05
-5.627515349272647e-05
-5.5862057737098226e-05
-5.543484832063884e-05
-5.4894360377069264e-05
-5.427083144308236e-05
-5.359410484769632e-05
-5.292034042939755e-05
-5.233763196805989e-05
~
-0.2619878469549272
-0.3674065126119576
-0.5010520875166861
~
-0.2619878469549272
-0.3753900809759285
-0.5053990295358683
~
-0.2619878469549272
-0.3633300540223695
-0.5103711259604695
~
-0.2619878469549272
-0.3745860440047023
-0.64360654412866
~
-0.2619878469549272
-0.37460950787006847
-0.6365879514291674
-0.9093105159620273
~
-0.2619878469549272
-0.37324155277561694
-0.5222091219131013
~
-0.15195193333426135
-0.21597575177952635
-0.3039395453588867
~
-0.15195193333426135
-0.2099380266374738
-0.2877788466309855
~
-0.15195193333426135
-0.21065842096691656
-0.29032665474004943
~
-0.15195193333426135
-0.21079436100546917
-0.29412991902310104
~
-0.15195193333426135
-0.2084887759977889
-0.2801571205002541
~
-0.15195193333426135
-0.21528788578218536
-0.29162760297768575
~
-0.15195193333426135
-0.21527927966948626
-0.28901704410033935
~
-0.15195193333426135
-0.2140696626256123
-0.29883257025625426
~
-0.15195193333426135
-0.2138374762057157
-0.283637769552569
~
-0.15195193333426135
-0.208674173977462
-0.29342883112745344
~
-0.15195193333426135
-0.20958079504480973
-0.28508712245561735
~
-0.15195193333426135
-0.21763245093697098
-0.29345155722519445
~
-0.15195193333426135
-0.21540496745001989
-0.290348701575293
~
-0.15195193333426135
-0.21130668668893304
-0.294454103303236
~
-0.15195193333426135
-0.21303833544118164
-0.2904078606230906
~
-0.15195193333426135
-0.21296417183383953
-0.2888634613797659
~
-0.15195193333426135
-0.21119787929909759
-0.29296392550895245
~
-0.15195193333426135
-0.2157177012753798
-0.29829775316323914
~
-0.15195193333426135
-0.21360696038383867
-0.2881499855617339
~
-0.15195193333426135
-0.20994597327341843
-0.2886713254376832
~
-0.15195193333426135
-0.22134547132832336
-0.308292442130186
~
-0.15195193333426135
-0.20781202446411487
-0.28554064288420733
~
-0.15195193333426135
-0.2119724479991389
-0.2890773635955391
~
-0.15195193333426135
-0.20490374199973208
-0.27308280492266457
~
-0.15195193333426135
-0.20763510632860954
-0.2867423047136151
~
-0.15195193333426135
-0.2145787087164558
-0.29307221337799305
~
-0.15195193333426135
-0.20991071592097757
-0.2830176804947302
~
-0.15195193333426135
-0.21673429801103003
-0.2943220021900794
~
-0.15195193333426135
-0.2122265885236384
-0.2910185425358382
~
-0.15195193333426135
-0.20920906202058173
-0.2949933724608827
~
-6.765426723645416e-05
-6.578808432980547e-05
-6.0576644917891074e-05
-5.65768949775817e-05
-5.6203528830307646e-05
-5.588657904293049e-05
-5.544775231821785e-05
-5.4897643969934906e-05
-5.426982549973535e-05
-5.3592892089532024e-05
-5.292002651314093e-05
-5.233721586585177e-05
~
-6.765426723645416e-05
-6.645400267933875e-05
-0.44326683510683296
~
-6.765426723645416e-05
-6.238779449845403e-05
-5.8199682012616503e-05
-5.6544857095405336e-05
-5.6205965204183636e-05
-5.588352410716375e-05
-5.5452018337750837e-05
-5.4899788676098615e-05
-5.427915150855508e-05
-5.359860739426039e-05
-5.291995109068506e-05
-5.233678439414772e-05
~
-6.765426723645416e-05
-6.380497853656821e-05
-6.265876994157935e-05
~
-6.765426723645416e-05
-0.20842707426601065
-0.28383325068039084
~
-6.765426723645416e-05
-6.351161458694156e-05
-6.104839894259915e-05
-5.655474373013436e-05
-5.621532193492312e-05
-5.589813378451798e-05
-5.547063444057693e-05
-5.491585173483904e-05
-5.428322738348779e-05
-5.3598279323942466e-05
-5.292080549496368e-05
-5.2336692058463625e-05
~
-6.765426723645416e-05
-6.395291247160138e-05
-0.4413267428121518
~
-6.765426723645416e-05
-6.26381628682788e-05
-0.4415137913198672
~
-6.765426723645416e-05
-6.319342838261224e-05
-6.023399701046059e-05
~
-6.765426723645416e-05
-6.406963831364912e-05
-5.879137179115098e-05
~
-6.765426723645416e-05
-6.37169126558963e-05
-5.849398035543042e-05
-5.6553316001869554e-05
-5.620111664865924e-05
-5.587186668199894e-05
-5.5443283218982044e-05
-5.4906270069500515e-05
-5.427703703734057e-05
-5.35987010331044e-05
-5.2920413201350267e-05
-5.233704068334053e-05
~
-6.765426723645416e-05
-4.625261893030663e-05
-0.4457389459810762
-5.665812138498832e-05
-5.616892853006057e-05
-5.584090066274899e-05
-5.542516820470347e-05
-5.488226047804816e-05
-5.426658897592421e-05
-5.359152287551824e-05
-5.291983332403913e-05
-5.233797407166178e-05
~
-6.765426723645416e-05
-4.373093298329133e-05
-5.857211739363598e-05
-5.656151458048688e-05
-5.620882203183923e-05
-5.588115891571014e-05
-5.5454961644469534e-05
-5.4904388114088504e-05
-5.427762079224045e-05
-5.359934658039632e-05
-5.2920286776664496e-05
-5.2337184329777974e-05
~
-6.765426723645416e-05
-6.412879964261544e-05
-5.847823941142013e-05
~
-6.765426723645416e-05
-6.3274090242384e-05
-0.43630523954795064
~
-6.765426723645416e-05
-6.175180489433505e-05
-5.825000996980862e-05
-5.652564659433677e-05
-5.621044284554017e-05
-5.5884078322089e-05
-5.5454666571015386e-05
-5.490641942449384e-05
-5.4280662423411157e-05
-5.359667205534486e-05
-5.292040289187854e-05
-5.2337160521937035e-05
~
-6.765426723645416e-05
-6.47797656718498e-05
-6.797674070362124e-05
-5.653705021126939e-05
-5.621142029326521e-05
-5.588092446526713e-05
-5.544800041624527e-05
-5.489433475620771e-05
-5.427661645790563e-05
-5.359877349455619e-05
-5.2920481274491e-05
-5.233712460296239e-05
~
-6.765426723645416e-05
-6.373979403392476e-05
-5.84003700399758e-05
-5.65358845906786e-05
-5.6206601545777075e-05
-5.588505698560973e-05
-5.545936522249485e-05
-5.4912249008502686e-05
-5.4282088456169886e-05
-5.359996148002728e-05
-5.2921005330162124e-05
-5.2337043539261725e-05
~
-6.765426723645416e-05
-6.335400553077251e-05
-6.0341531907376757e-05
-5.655877269934963e-05
-5.621066874862147e-05
-5.5876336000205345e-05
-5.545402008963317e-05
-5.49020591971048e-05
-5.427577002847206e-05
-5.359770623600485e-05
-5.292036340574603e-05
-5.2336824627366434e-05
~
-6.765426723645416e-05
-6.573779518841742e-05
-6.0190170610613756e-05
-5.652815161013584e-05
-5.619762103114027e-05
-5.587428268270568e-05
-5.5441010847647826e-05
-5.4900160118159664e-05
-5.427302457336144e-05
-5.35928575510531e-05
-5.291925441463707e-05
-5.2337513351556675e-05
~
-6.765426723645416e-05
-6.246966793566691e-05
-6.461111498912977e-05
~
-6.765426723645416e-05
-6.248362432053547e-05
-5.824256926650563e-05
-5.652689861704704e-05
-5.6194325506488196e-05
-5.586964353637386e-05
-5.5447124719791426e-05
-5.490461273309645e-05
-5.426846209091125e-05
-5.3593346196206935e-05
-5.292052982046462e-05
-5.2337287861543274e-05
~
-6.765426723645416e-05
-0.21007619908817207
-0.28341423403397076
~
-6.765426723645416e-05
-6.37304009636758e-05
-5.837978810057048e-05
-5.6538856135605816e-05
-5.620833315909921e-05
-5.588035941194949e-05
-5.544833280512908e-05
-5.489795427624208e-05
-5.4270954433066706e-05
-5.3588784050819504e-05
-5.291670654937551e-05
-5.2337125873662266e-05
~
-6.765426723645416e-05
-6.70790257476385e-05
-5.8736616606902386e-05
-5.655916710328283e-05
-5.6211748295645216e-05
-5.588685862469022e-05
-5.546188141039859e-05
-5.491052215578976e-05
-5.4284820672207875e-05
-5.3599851327003935e-05
-5.292113503867067e-05
-5.233684572884518e-05
~
-6.765426723645416e-05
-6.42364479011716e-05
-0.44575176873777744
~
-6.765426723645416e-05
-6.476973724918666e-05
-5.849809203176594e-05
~
-6.765426723645416e-05
-6.64383674362592e-05
-0.44314951382325396
~
-6.765426723645416e-05
-6.17728684701772e-05
-5.812896577555246e-05
-5.651312781254031e-05
-5.619993895219633e-05
-5.588345826744046e-05
-5.5452350155365176e-05
-5.4898640283237124e-05
-5.42760486007223e-05
-5.359574748466766e-05
-5.291964832717466e-05
-5.2336879054714086e-05
~
-6.765426723645416e-05
-6.227227460817443e-05
-5.831078810724412e-05
-5.654374558806833e-05
-5.620818771317925e-05
-5.587593154521077e-05
-5.5443340714360186e-05
-5.4897994634272744e-05
-5.427371828411126e-05
-5.359606062940159e-05
-5.29206366354727e-05
-5.233690213367397e-05
~
-0.18261286141497038
-0.25056453104636
-0.34520464946361895
~
-0.18261286141497038
-0.2521295817886912
-0.34560961156858927
~
-0.18261286141497038
-0.25416208412626967
-0.3345009830521598
~
-0.18261286141497038
-0.25530736103093377
-0.3445654852464886
~
-0.18261286141497038
-0.2549307178529554
-0.343389945514985
~
-0.18261286141497038
-0.2520019061795019
-0.3290665246727283
~
-0.18261286141497038
-0.2562870223802634
-0.34878260174794
~
-0.18261286141497038
-0.2547398237327825
-0.34657103803694495
~
-0.18261286141497038
-0.2515677327528449
-0.34547005210176496
~
-0.18261286141497038
-0.24965567652222978
-0.32955315375657007
~
-0.18261286141497038
-0.25371597459722317
-0.3439622880288767
~
-0.18261286141497038
-0.2507683482709387
-0.34845174235975546
~
-0.18261286141497038
-0.2471280986898611
-0.34315913977786916
~
-0.18261286141497038
-0.24974553470550548
-0.33780571170001716
~
-0.18261286141497038
-0.25654506202236677
-0.354626246439645
~
-0.18261286141497038
-0.25320119903436494
-0.3476590533287458
~
-0.18261286141497038
-0.25194666967435864
-0.33800993178213756
~
-0.18261286141497038
-0.2571751956193192
-0.339291572066375
~
-0.18261286141497038
-0.2507460944311604
-0.3442158556964797
~
-0.18261286141497038
-0.25478117201086947
-0.34661792657168305
~
-0.18261286141497038
-0.2516546275051282
-0.34091966681371016
~
-0.18261286141497038
-0.25245102568399047
-0.33554757527196355
~
-0.18261286141497038
-0.25572667343568795
-0.3465846168984888
~
-0.18261286141497038
-0.2558561315505925
-0.3518376399459394
~
-0.18261286141497038
-0.2504164035314348
-0.3480856490239879
~
-0.18261286141497038
-0.254397155456626
-0.3508568324834459
~
-0.18261286141497038
-0.24974633236233237
-0.33476307613169165
~
-0.18261286141497038
-0.25242124962664403
-0.3346400966696879
~
-0.18261286141497038
-0.2539708536398682
-0.3417003081581002
~
-0.18261286141497038
-0.24851590613413668
-0.3522896481189335
~
-0.2346384279122429
-0.32004372376214424
-0.4394606311299855
~
-0.2346384279122429
-0.31850745703536887
-0.4407116023325164
~
-0.2346384279122429
-0.3220864283644768
-0.43106916450509974
~
-0.2346384279122429
-0.3245047063828703
-0.44426009055980237
~
-0.2346384279122429
-0.3240735811883197
-0.45014857297415695
~
-0.2346384279122429
-0.3246224777398044
-0.447082830366749
~
-0.2346384279122429
-0.3238216621119641
-0.4413750289613253
~
-0.2346384279122429
-0.32146409100672774
-0.445851960761983
~
-0.2346384279122429
-0.3285750634706554
-0.4549991793391527
~
-0.2346384279122429
-0.3199976446276762
-0.4343674636723042
~
-0.2346384279122429
-0.32337609699338293
-0.43930807559950624
~
-0.2346384279122429
-0.32005919422823226
-0.4387992627782775
~
-0.2346384279122429
-0.32452095668900366
-0.44486319275696357
~
-0.2346384279122429
-0.3287042760960732
-0.441552476168871
~
-0.2346384279122429
-0.32024767988122443
-0.44748507622366546
~
-0.2346384279122429
-0.32158891911755205
-0.43829968598043373
~
-0.2346384279122429
-0.3221644286853958
-0.4443095477172363
~
-0.2346384279122429
-0.3250373227165859
-0.4404843919504434
~
-0.2346384279122429
-0.325769165628242
-0.4481742869597229
~
-0.2346384279122429
-0.3236815583559763
-0.43233864222928153
~
-0.2346384279122429
-0.3236872605121363
-0.44282357596892213
~
-0.2346384279122429
-0.3221007581607968
-0.44653472165049385
~
-0.2346384279122429
-0.32224926384921354
-0.4188395031395985
~
-0.2346384279122429
-0.3260862887726068
-0.4417264573635675
~
-0.2346384279122429
-0.3198807253994036
-0.4292010837596712
~
-0.2346384279122429
-0.3215026201197709
-0.440915253811203
~
-0.2346384279122429
-0.32216172099523094
-0.43889954830836303
~
-0.2346384279122429
-0.3200599622570548
-0.44275495397991166
~
-0.2346384279122429
-0.32202321160806063
-0.44940985006012757
~
-0.2346384279122429
-0.3226477766569179
-0.44106854049794997
~
-0.18248562041413358
-0.24907320772865632
-0.33517434062588086
~
-0.18248562041413358
-0.2578612578783398
-0.3618511372218152
~
-0.18248562041413358
-0.24976842942958405
-0.32967087372439685
~
-0.18248562041413358
-0.24988634514339716
-0.3260623421779781
~
-0.18248562041413358
-0.2538079790303525
-0.34559992136368173
~
-0.18248562041413358
-0.2501956558941218
-0.3379017623877252
~
-0.18248562041413358
-0.2510740176445785
-0.3374884150031738
~
-0.18248562041413358
-0.2520180473064507
-0.33478892253765385
~
-0.18248562041413358
-0.2510856280068313
-0.3213150020747812
~
-0.18248562041413358
-0.25263489105555886
-0.5753654985475884
-0.8055127049480171
~
-0.18248562041413358
-0.25456797544626475
-0.33361386851684
~
-0.18248562041413358
-0.25152850922829656
-0.32863230597083476
~
-0.18248562041413358
-0.250951854142227
-0.5776051597123534
-0.8190419069191293
~
-0.18248562041413358
-0.25259660617291385
-0.5753462192044635
-0.8030954839561878
~
-0.18248562041413358
-0.25059286108467144
-0.34436951469383215
~
-0.18248562041413358
-0.2518796943869078
-0.3402665678012576
~
-0.18248562041413358
-0.2518033252810854
-0.3417096510970768
~
-0.18248562041413358
-0.2515581022407254
-0.3364369968551475
~
-0.18248562041413358
-0.23944307557185665
-0.5812470364370254
-0.8210600610610986
~
-0.18248562041413358
-0.25424027125061793
-0.34523489531446017
~
-0.18248562041413358
-0.2525232020641493
-0.34252910773301937
~
-0.18248562041413358
-0.24662697185479793
-0.3418302801317895
~
-0.18248562041413358
-0.25417288375320396
-0.34391485308097436
~
-0.18248562041413358
-0.24894700792649252
-0.32682861207245745
~
-0.18248562041413358
-0.25210601733752414
-0.35252312352043824
~
-0.18248562041413358
-0.25384865232996834
-0.34628334815066764
~
-0.18248562041413358
-0.25361479487876326
-0.341674610312152
~
-0.18248562041413358
-0.2536942744090686
-0.5757618218989631
-0.8063056882697245
~
-0.18248562041413358
-0.2561090543669112
-0.34963624466401133
~
-0.18248562041413358
-0.25293312455914263
-0.5714845104520133
-0.8031817501337819
~
