36.517461
30.497571
26.360116
0.724205
0.630388
0.326257
0.2803
0.243828
0.179324
0.131061
0.093749
0.053377
~
36.846478
30.025643
26.932916
0.720443
0.721583
0.32102
0.298576
0.251726
0.186918
0.139072
0.102599
0.05926
~
37.354754
32.695125
24.004159
0.72399
0.651666
0.335067
0.286801
0.243782
0.182602
0.130901
0.095671
0.054664
~
37.115863
33.764364
24.516606
0.723313
0.627399
0.328725
0.28762
0.231299
0.181273
0.130654
0.106076
0.059136
~
37.351199
31.950473
21.420336
0.739358
0.637975
0.322286
0.289178
0.239274
0.186939
0.135197
0.100465
0.055913
~
37.168481
30.509163
26.025876
0.736398
0.708576
0.332189
0.283743
0.24419
0.17828
0.133208
0.099562
0.05647
~
36.785111
30.244203
25.577337
0.809526
0.635324
0.32785
0.283839
0.24208
0.182563
0.13439
0.094231
0.050842
~
36.855421
31.116529
23.62249
0.921785
0.638963
0.32921
0.287319
0.237391
0.180124
0.135794
0.097541
0.05466
~
36.770998
30.597847
23.780551
0.737376
0.627044
0.327633
0.284157
0.245363
0.185922
0.132393
0.096094
0.053093
~
36.915775
29.319862
22.585874
0.719145
0.729889
0.326853
0.286418
0.24137
0.180188
0.130958
0.100211
0.055846
~
36.932417
32.168533
24.515818
0.787154
0.65252
0.322821
0.283609
0.242414
0.183905
0.131543
0.097814
0.05444
~
36.829783
30.058032
23.340823
0.777239
0.747305
0.330126
0.282649
0.238767
0.185264
0.133634
0.098521
0.055182
~
36.847021
29.822566
22.773165
0.727959
0.63061
0.324308
0.280416
0.236374
0.180007
0.128759
0.096782
0.054662
~
36.610559
30.357632
30.763075
0.732309
0.63095
0.326585
0.280976
0.234679
0.18408
0.131666
0.094278
0.052943
~
36.540968
32.342814
26.7142
0.724814
0.653283
0.320281
0.28166
0.238485
0.181173
0.129815
0.092129
0.052421
~
36.421369
31.942575
26.919983
0.757529
0.628908
0.326228
0.276264
0.234183
0.180094
0.132515
0.097545
0.054797
~
36.354064
31.972854
22.484273
0.792921
0.615202
0.324869
0.276096
0.238265
0.182514
0.130857
0.095319
0.051185
~
37.196638
29.660351
23.570134
0.771584
0.718933
0.321211
0.283792
0.240401
0.182234
0.129967
0.095287
0.05534
~
36.523125
33.801639
22.000196
0.723316
0.653514
0.326285
0.283888
0.238574
0.181253
0.130582
0.093154
0.051364
~
36.597727
29.727151
23.067908
0.837857
0.708776
0.321574
0.279811
0.239945
0.182056
0.13064
0.096144
0.054094
~
36.709876
30.963931
22.889309
0.7223
0.709388
0.325176
0.277697
0.233282
0.183265
0.132248
0.09667
0.054354
~
36.589588
30.40864
23.804209
0.722763
0.610133
0.327452
0.281191
0.233632
0.182539
0.132481
0.096467
0.054171
~
36.614827
30.287781
26.829665
0.724333
0.718474
0.324135
0.278262
0.24232
0.182591
0.132985
0.097037
0.054826
~
36.481227
29.017017
23.420569
0.721186
0.610216
0.326982
0.281944
0.233312
0.181011
0.132477
0.096755
0.054302
~
36.510217
32.623604
24.708325
0.776111
0.613044
0.32984
0.285809
0.235575
0.182231
0.136356
0.100518
0.05712
~
36.60613
28.666442
22.323048
0.735211
0.783284
0.325934
0.284473
0.237839
0.18128
0.126379
0.095652
0.053822
~
36.495497
32.318626
23.350855
0.726714
0.711513
0.326004
0.280629
0.239253
0.179097
0.132817
0.097221
0.052242
~
36.513589
31.608169
25.427482
0.701295
0.630227
0.323574
0.283016
0.236657
0.180702
0.132281
0.098465
0.054748
~
36.669061
30.241607
23.138068
0.728331
0.61971
0.323693
0.27838
0.234656
0.183981
0.131872
0.096086
0.054175
~
36.530779
28.831858
28.732202
0.704288
0.706721
0.32457
0.283431
0.237718
0.177434
0.129953
0.095755
0.053238
~
39.596018
29.423356
26.784636
18.251573
0.883104
0.579844
0.281621
0.23458
0.163619
0.134424
0.095126
0.052972
~
39.670249
29.98768
29.289647
18.512719
0.683607
0.734421
0.279105
0.239899
0.191482
0.134411
0.094006
0.053463
~
39.592831
32.789272
25.911039
19.092811
0.673492
0.505429
0.271893
0.236615
0.172686
0.133574
0.097641
0.054848
~
39.666752
29.733217
29.40917
19.573972
0.673203
0.521789
0.277965
0.23375
0.191235
0.134818
0.096293
0.053728
~
39.772073
29.016191
28.668166
18.070844
0.684567
0.507912
0.283579
0.237471
0.184425
0.132731
0.094494
0.054941
~
39.76014
31.394416
29.708462
18.93598
0.609502
0.742629
0.279814
0.238225
0.194222
0.131827
0.097606
0.053379
~
39.580627
27.674766
28.14315
17.942049
0.622768
0.509305
0.268452
0.239785
0.187201
0.132281
0.097166
0.055115
~
39.715157
30.617339
28.125034
17.544493
0.95457
0.502143
0.280629
0.240419
0.190381
0.133928
0.096195
0.052525
~
39.899328
30.762513
28.5004
19.233031
0.552951
0.502148
0.262878
0.237297
0.171584
0.134708
0.100525
0.055515
~
39.827493
30.271794
28.754482
20.566674
0.643807
0.766745
0.283712
0.238823
0.167348
0.130317
0.095333
0.053559
~
39.881881
34.445786
28.421919
18.429076
0.578555
0.493854
0.245013
0.234207
0.17721
0.135295
0.096507
0.054082
~
39.987664
28.715145
28.21791
18.622401
0.733866
0.514136
0.243685
0.237261
0.190955
0.138611
0.096924
0.054594
~
39.545494
29.186904
28.950482
21.099365
0.655096
0.513487
0.287284
0.241104
0.1909
0.133537
0.09801
0.05644
~
39.894166
31.348415
27.983781
17.732924
0.627492
0.49781
0.282235
0.234426
0.187338
0.136414
0.096031
0.05469
~
39.687296
33.876803
28.539278
17.757376
0.819519
0.488987
0.279663
0.239439
0.190902
0.133984
0.095982
0.053422
~
39.798292
29.861959
31.090582
19.378325
0.66542
0.532159
0.284881
0.233697
0.192011
0.139199
0.101221
0.058112
~
39.874522
31.048419
28.278168
19.054216
0.564445
0.510718
0.281025
0.237238
0.18774
0.135772
0.097144
0.052635
~
39.751219
30.372144
30.516831
19.172457
0.660961
0.542866
0.266735
0.237848
0.172195
0.137776
0.099621
0.05743
~
39.66496
31.752498
27.330899
18.936773
0.739262
0.524912
0.279594
0.237922
0.188241
0.138125
0.09502
0.053693
~
39.695173
30.371211
30.673966
18.247677
0.778262
0.567676
0.277902
0.239683
0.189787
0.131133
0.097045
0.054818
~
39.80784
30.360244
25.962263
19.253514
0.682959
0.501757
0.271348
0.239995
0.20298
0.137743
0.099327
0.053883
~
39.90331
31.348894
28.889115
18.650425
0.670672
0.507556
0.282617
0.233106
0.187337
0.135809
0.097383
0.054553
~
39.695011
27.86169
30.29491
20.316802
0.615889
0.503964
0.277919
0.239914
0.175947
0.134171
0.095856
0.053561
~
39.843313
32.103038
27.651459
18.486556
0.637293
0.49374
0.286532
0.241748
0.190825
0.135614
0.097178
0.057519
~
39.891525
29.451421
27.826954
17.767267
0.627039
0.509477
0.282371
0.23827
0.187256
0.135884
0.097217
0.054572
~
39.806271
32.30802
30.01173
18.521963
0.551071
0.563286
0.278923
0.236211
0.192162
0.134818
0.09326
0.053051
~
39.779217
28.111437
27.435118
18.547586
1.458622
0.493195
0.2807
0.237128
0.17524
0.134245
0.094481
0.053604
~
39.816138
29.831087
30.044492
19.157751
0.537039
0.617666
0.28213
0.239196
0.189626
0.131736
0.094221
0.053332
~
39.742939
27.953221
28.702706
18.121079
0.549898
0.51245
0.277561
0.239622
0.1907
0.131381
0.095939
0.055253
~
39.839877
32.554389
30.12385
18.396243
0.580356
0.513195
0.284034
0.242886
0.189483
0.135978
0.10102
0.057852
~
0.944246
1.308744
0.862831
0.591683
0.345165
0.332144
0.294949
0.225482
0.174617
0.129559
0.097737
0.053315
~
0.935963
1.585059
0.736363
0.589406
0.349122
0.331916
0.275632
0.239649
0.173813
0.131777
0.095232
0.052245
~
0.933886
0.829831
0.806486
0.568519
0.376097
0.32697
0.291108
0.229785
0.173875
0.131054
0.092759
0.04913
~
0.940018
1.270499
2.53076
0.568822
0.343152
0.331746
0.261404
0.235225
0.171839
0.132824
0.097019
0.051956
~
0.936866
1.083798
0.881077
0.564717
0.378299
0.330523
0.281719
0.236714
0.175342
0.128899
0.094059
0.052945
~
0.935981
0.792305
0.90784
0.563887
0.358299
0.32971
0.277364
0.2393
0.175249
0.131614
0.094254
0.051023
~
0.937937
0.779724
0.847922
0.569433
0.37549
0.32595
0.294615
0.24009
0.174989
0.131439
0.094322
0.0517
~
0.935228
1.604138
1.270707
0.668248
0.378303
0.332632
0.291328
0.227563
0.175433
0.131339
0.094337
0.051328
~
0.9381
0.825688
0.860017
0.56499
0.348614
0.32919
0.291826
0.240093
0.17148
0.129392
0.09711
0.052673
~
0.938463
1.031495
0.761842
0.58512
0.331941
0.332816
0.279045
0.241272
0.171446
0.133
0.094452
0.050749
~
0.936228
1.62418
0.814496
0.567552
0.368803
0.336282
0.294151
0.239665
0.173758
0.130589
0.094132
0.049406
~
0.950733
1.971301
0.902286
0.591923
0.360949
0.33189
0.288631
0.241981
0.176502
0.128728
0.099369
0.052954
~
0.94632
0.822942
0.822198
0.607201
0.378272
0.336941
0.281489
0.237975
0.179796
0.134967
0.099409
0.054837
~
0.944705
1.223412
0.842824
0.567449
0.377051
0.328924
0.282927
0.228206
0.171773
0.132717
0.096884
0.052086
~
0.934959
0.814843
0.835515
0.584259
0.331806
0.331143
0.280576
0.235412
0.172392
0.132201
0.092642
0.052362
~
0.931844
0.77474
0.90121
0.57101
0.373389
0.330012
0.284309
0.241067
0.175267
0.131738
0.09403
0.051344
~
0.936186
1.462928
2.04761
0.564063
0.34789
0.327318
0.279015
0.240979
0.174739
0.131023
0.094548
0.049408
~
0.95357
0.764316
0.865761
0.57017
0.334677
0.336974
0.280283
0.244974
0.179148
0.134153
0.096982
0.052389
~
0.945003
0.842088
0.808289
~
0.944268
1.538802
0.847766
0.603717
0.362329
0.331155
0.257723
0.23679
0.178008
0.128446
0.092897
0.051463
~
0.930346
0.990548
2.061686
0.587731
0.379651
0.333265
0.28302
0.237152
0.169541
0.129136
0.099057
0.052191
~
0.938002
1.336806
0.795411
0.586826
0.326642
0.329603
0.283576
0.238015
0.169761
0.130526
0.093415
0.052171
~
0.946015
0.817372
2.063978
0.565787
0.346536
0.328269
0.262584
0.237504
0.171726
0.132364
0.095731
0.05275
~
0.939042
0.864059
1.48707
0.584617
0.348969
0.331135
0.279279
0.241978
0.171516
0.132612
0.097742
0.05086
~
0.937488
0.836311
1.508845
0.586642
0.370206
0.331893
0.273313
0.238421
0.17444
0.127592
0.095139
0.049159
~
0.941258
1.54329
1.712237
0.562555
0.37478
0.33367
0.280264
0.224046
0.172418
0.132887
0.09485
0.052093
~
0.933951
0.822391
1.494144
0.565628
0.360823
0.333292
0.277061
0.238618
0.175137
0.131455
0.091952
0.051405
~
0.937896
1.062734
0.841319
0.582089
0.361502
0.330995
0.307074
0.236875
0.175319
0.12901
0.09528
0.052558
~
0.9377
1.362851
1.580871
0.598424
0.343096
0.332428
0.283184
0.237251
0.172754
0.126188
0.096465
0.052119
~
0.939371
0.831343
1.530993
0.567064
0.316588
0.327133
0.293717
0.236858
0.176291
0.132058
0.096183
0.052226
~
35.170617
28.290059
24.64868
0.742931
0.661735
0.324431
0.2829
0.233126
0.182729
0.132178
0.096583
0.05321
~
35.073552
28.793882
25.480759
0.719914
0.706024
0.327204
0.279883
0.235114
0.183323
0.132075
0.096565
0.054274
~
34.900432
29.651411
24.218865
0.737674
0.754559
0.325728
0.283018
0.234703
0.18244
0.129747
0.097309
0.052606
~
34.738715
27.442833
23.060533
0.723152
0.73831
0.328903
0.284181
0.214587
0.184616
0.132705
0.097247
0.05554
~
34.904243
28.969782
23.909399
0.70112
0.748178
0.323533
0.280585
0.23595
0.180585
0.129594
0.094549
0.053525
~
34.790168
28.456869
25.995985
0.731517
0.636854
0.326528
0.28141
0.233828
0.180383
0.133041
0.097112
0.05481
~
34.80296
29.60362
24.03276
0.816127
0.721952
0.329113
0.281963
0.235919
0.18713
0.129811
0.097323
0.054937
~
34.763315
28.238957
23.636243
0.728702
0.641186
0.324264
0.282962
0.243431
0.185623
0.130261
0.098158
0.055481
~
34.97125
26.710049
27.284603
0.748265
0.709405
0.327035
0.280769
0.234536
0.180165
0.133055
0.097583
0.054819
~
34.848925
29.573901
26.472659
0.728269
0.614163
0.326774
0.278182
0.240258
0.182591
0.128228
0.094755
0.054711
~
34.781399
27.549462
25.244578
0.829041
0.719563
0.32831
0.281434
0.236298
0.184105
0.130467
0.097961
0.05508
~
35.010042
31.177111
23.507343
0.707079
0.634197
0.321223
0.281245
0.239796
0.181672
0.127145
0.095297
0.054448
~
34.855871
28.892876
24.790436
0.840726
0.711088
0.323697
0.279824
0.23532
0.182504
0.130301
0.095994
0.052901
~
35.032694
28.122514
23.102304
0.74482
0.707904
0.327067
0.281943
0.231965
0.180537
0.132212
0.097888
0.054997
~
34.877933
26.380448
25.286193
0.764265
0.604562
0.324056
0.274255
0.237973
0.179842
0.132785
0.097163
0.054522
~
35.141202
27.924789
23.089901
0.744127
0.616741
0.329547
0.279432
0.242388
0.186368
0.132037
0.094655
0.053013
~
34.807015
28.709289
27.354755
0.729193
0.705932
0.326992
0.278501
0.235069
0.184601
0.131869
0.096354
0.054435
~
35.036355
27.996904
24.822517
0.73812
0.615284
0.321102
0.284618
0.235203
0.181814
0.132044
0.097514
0.053174
~
35.118005
29.427565
23.63621
0.844549
0.627906
0.327611
0.287881
0.241294
0.18273
0.129393
0.098468
0.057529
~
35.128136
28.075786
23.386541
0.742367
0.621137
0.328649
0.283548
0.238206
0.18648
0.132508
0.101126
0.055818
~
35.070488
28.359626
23.387874
0.747439
0.610667
0.312937
0.282786
0.239383
0.181631
0.129897
0.092862
0.053825
~
34.904437
29.214879
23.023807
0.721206
0.635754
0.324444
0.275231
0.245998
0.184797
0.136265
0.099538
0.056743
~
34.962001
31.173975
23.779975
0.879686
0.598797
0.325094
0.281465
0.237777
0.181763
0.129392
0.096516
0.053114
~
34.997038
27.879384
25.436485
0.729497
0.623521
0.327291
0.281099
0.232256
0.18009
0.131732
0.097608
0.054923
~
34.911267
29.504277
23.544398
0.726364
0.616201
0.324983
0.280335
0.237453
0.183803
0.129557
0.094859
0.054959
~
35.011942
28.328565
23.251717
0.703844
0.623827
0.285033
0.280604
0.239129
0.183488
0.132727
0.096864
0.054557
~
34.925656
28.055764
24.515719
0.730639
0.775074
0.322257
0.281556
0.235205
0.183837
0.13174
0.096441
0.054831
~
35.036285
28.805909
22.918882
0.749198
0.612218
0.327701
0.281778
0.233562
0.180726
0.132945
0.097316
0.054941
~
34.689621
30.099986
24.535779
0.72542
0.712076
0.322525
0.284229
0.23399
0.184265
0.134342
0.096673
0.055536
~
34.826351
30.451946
25.613637
0.723788
0.617966
0.324085
0.278027
0.238471
0.183313
0.131498
0.096686
0.054323
~
35.165369
27.787231
25.129924
0.731574
0.639738
0.330011
0.284055
0.234008
0.184651
0.133961
0.101142
0.057619
~
34.943712
29.653161
24.04506
0.725893
0.71163
0.325503
0.277331
0.235638
0.186897
0.130505
0.097704
0.055411
~
35.256103
28.751774
24.768203
0.733034
0.709618
0.286277
0.282974
0.23386
0.179448
0.132654
0.097121
0.054873
~
35.189275
30.829946
22.78583
0.798587
0.619126
0.321028
0.284483
0.238141
0.17934
0.129862
0.095688
0.054896
~
35.178505
27.761435
23.754439
0.718985
0.59998
0.326441
0.278789
0.240309
0.178413
0.132594
0.097464
0.052472
~
35.164194
29.54066
23.089601
0.724281
0.605222
0.330703
0.284905
0.234818
0.184673
0.131558
0.097203
0.055141
~
35.154996
26.952626
22.467304
0.755661
0.711077
0.322943
0.278806
0.24084
0.182737
0.131404
0.092706
0.054329
~
35.047611
28.328043
25.207228
0.727448
0.712966
0.32545
0.279529
0.236271
0.184124
0.128963
0.097763
0.054005
~
35.225586
28.318746
24.631661
0.747219
0.646618
0.32754
0.282101
0.23253
0.17998
0.132219
0.097877
0.054827
~
35.224333
28.382868
23.482346
0.744573
0.602897
0.323489
0.283316
0.233699
0.183349
0.131471
0.095318
0.053417
~
35.142433
28.940397
24.181211
0.778683
0.715668
0.276561
0.280917
0.221468
0.188328
0.134865
0.099056
0.054895
~
35.252994
31.356743
25.367605
0.72159
0.709432
0.323372
0.283402
0.23798
0.178331
0.129529
0.097202
0.055203
~
35.175201
30.550496
24.786882
1.234055
0.602168
0.328084
0.285839
0.241023
0.181816
0.134958
0.097931
0.058482
~
35.175384
29.677109
24.449113
0.812464
0.63396
0.319669
0.28016
0.239391
0.183215
0.131716
0.096176
0.053806
~
35.19065
31.007291
25.859056
0.726687
0.711799
0.32581
0.279269
0.239586
0.18051
0.129783
0.098139
0.055426
~
35.040769
26.57718
23.79743
0.736365
0.712456
0.329001
0.281906
0.239854
0.182607
0.131194
0.096712
0.053158
~
35.08647
28.004047
23.790837
0.74543
0.742185
0.32746
0.27907
0.23962
0.180172
0.132952
0.097284
0.05344
~
35.273263
28.028068
23.575142
0.744653
0.696669
0.323292
0.286156
0.240582
0.183748
0.131813
0.096561
0.054607
~
35.286464
28.930003
21.656137
1.586482
0.633492
0.321711
0.278513
0.24007
0.182688
0.131139
0.095867
0.051736
~
34.990072
26.452653
22.498987
0.724571
0.61159
0.327039
0.278401
0.238067
0.184479
0.131761
0.094032
0.053942
~
35.150483
28.72457
24.897525
0.735139
0.710156
0.321734
0.285092
0.238569
0.181686
0.130398
0.092587
0.051741
~
35.308952
31.140536
23.633243
0.733057
0.602065
0.326008
0.277481
0.235846
0.184302
0.132037
0.096677
0.054001
~
35.193301
31.403161
24.252958
0.725044
0.601354
0.324266
0.279677
0.236096
0.183458
0.132763
0.096361
0.053317
~
35.063196
28.621129
24.98985
0.753968
0.704502
0.313995
0.282118
0.233307
0.181168
0.132165
0.097956
0.055165
~
34.992728
28.48045
23.246275
0.725256
0.719951
0.325016
0.287448
0.238005
0.182754
0.136295
0.100192
0.05749
~
35.220344
28.977372
22.977061
0.810792
0.715186
0.324213
0.281401
0.23819
0.187738
0.134879
0.099409
0.05743
~
35.30095
28.539
26.108947
0.719835
0.710382
0.327585
0.282261
0.234569
0.184251
0.129196
0.097598
0.055446
~
35.246871
30.482331
24.911376
0.728805
0.760815
0.320056
0.28009
0.239259
0.182297
0.131152
0.09316
0.052619
~
35.05506
29.239834
24.277579
0.730678
1.018846
0.327412
0.277914
0.239822
0.180814
0.129355
0.097694
0.055006
~
35.113567
29.672403
23.425441
0.811199
0.71574
0.322479
0.278557
0.237735
0.183573
0.131811
0.097207
0.054811
~
37.381704
27.990607
23.428819
0.712613
0.709123
0.32697
0.278322
0.237446
0.183092
0.131289
0.094316
0.053539
~
37.610112
31.46488
25.195004
0.809727
0.722077
0.323301
0.284005
0.239587
0.187524
0.13526
0.100001
0.056695
~
37.561595
32.149804
22.620871
0.717215
0.722887
0.325936
0.283949
0.237714
0.177236
0.129407
0.097717
0.055572
~
37.6523
31.932192
29.266493
0.7194
0.758841
0.327404
0.28179
0.232846
0.18054
0.133298
0.095015
0.05539
~
37.415236
30.911729
22.69263
0.857379
0.633869
0.323304
0.284048
0.234602
0.182046
0.132464
0.097571
0.053628
~
37.618442
28.314799
21.840014
0.732104
0.705621
0.327864
0.28167
0.234067
0.177653
0.132155
0.095937
0.054798
~
37.675439
29.134272
21.950674
0.7292
0.946818
0.322282
0.286011
0.242498
0.184644
0.129664
0.098263
0.057048
~
37.608939
31.249194
24.472447
~
37.528928
30.60135
24.418369
0.718866
0.614036
0.323027
0.280235
0.237125
0.181813
0.132183
0.094905
0.055002
~
37.789888
32.002584
22.912811
0.739931
0.743528
0.329885
0.282707
0.237305
0.181393
0.134076
0.101457
0.057837
~
37.721861
28.214896
22.682037
0.750374
0.631025
0.325248
0.281625
0.236519
0.183808
0.131231
0.094753
0.054737
~
37.59805
29.292356
23.523823
0.768469
0.773242
0.322509
0.284432
0.234409
0.183944
0.131771
0.095071
0.054757
~
37.775075
38.048478
28.785505
0.732232
0.694446
0.328311
0.277099
0.241472
0.180088
0.129915
0.098549
0.055492
~
37.615339
30.300097
22.523074
0.804762
0.769504
0.32587
0.27793
0.236711
0.183502
0.135069
0.100314
0.057124
~
37.565516
32.965505
24.492808
0.751468
0.711236
0.324688
0.280287
0.240626
0.179611
0.132024
0.098005
0.052825
~
37.463227
30.467665
33.897722
1.378412
0.771999
0.327047
0.278584
0.239591
0.182761
0.129716
0.097306
0.05513
~
37.479355
29.569917
23.221527
0.777433
0.672503
0.32489
0.283579
0.234029
0.184028
0.131808
0.096535
0.053657
~
37.569957
30.63484
25.006393
0.799266
0.704455
0.32763
0.281937
0.232401
0.181387
0.129958
0.097644
0.055326
~
37.629786
29.543063
23.578368
0.735274
0.74699
0.327622
0.284398
0.237414
0.183757
0.128654
0.096498
0.055583
~
37.451318
28.247949
23.365861
0.720582
0.705659
0.327417
0.281918
0.233361
0.181058
0.132611
0.096335
0.0547
~
37.516406
30.520416
26.049557
0.716297
0.709993
0.327141
0.280581
0.23738
0.181713
0.13258
0.094542
0.053107
~
37.636224
30.547636
26.335526
0.717329
0.721954
0.321835
0.286172
0.24282
0.185737
0.128875
0.098547
0.055322
~
37.622823
29.401955
22.893472
0.73993
0.75872
0.325654
0.282851
0.242352
0.185027
0.132993
0.099432
0.058446
~
37.697198
32.879132
23.673389
0.747823
0.741169
0.323528
0.28389
0.234544
0.17963
0.132874
0.097651
0.054985
~
37.354073
33.61963
23.385429
0.735826
0.762168
0.324491
0.27736
0.238316
0.184153
0.133114
0.097118
0.054702
~
37.712811
31.85561
23.230099
0.768582
0.712081
0.32415
0.282868
0.235692
0.18405
0.129925
0.095027
0.055346
~
37.329885
31.281734
24.496708
0.736862
0.641892
0.327675
0.282482
0.232419
0.181051
0.132415
0.098041
0.055288
~
37.470072
32.665047
22.649719
0.715481
0.598394
0.327175
0.281713
0.233531
0.179784
0.133225
0.097734
0.055182
~
37.498276
28.637133
22.466082
2.291135
0.741964
0.325261
0.28227
0.236361
0.182949
0.132622
0.094832
0.054772
~
37.492593
31.442731
22.886928
0.676888
0.558233
0.305034
0.263902
0.222433
0.16965
0.122224
0.089544
0.049905
~
35.51415
28.645839
24.061022
0.65414
0.682811
0.304602
0.263669
0.222564
0.169832
0.122258
0.089623
0.049948
~
35.308514
29.010491
21.346033
0.673168
0.68287
0.304556
0.263815
0.222607
0.170007
0.122376
0.08965
0.049971
~
35.622581
28.667303
25.09091
0.696482
0.673942
0.306942
0.266249
0.224895
0.171961
0.124222
0.091323
0.051527
~
35.496794
29.946169
22.229828
0.721638
0.593052
0.304831
0.263892
0.222783
0.170209
0.12219
0.089649
0.049997
~
35.285381
34.416323
25.192089
0.678573
1.043274
0.305075
0.26394
0.222194
0.169907
0.122361
0.089457
0.049804
~
35.28152
30.226003
22.361386
0.687958
0.600294
0.304775
0.263817
0.222062
0.169846
0.122179
0.089465
0.04975
~
35.285016
27.360213
21.060585
0.671258
0.668412
0.304683
0.263899
0.222483
0.16995
0.122333
0.089608
0.049983
~
35.288106
28.949876
21.575689
0.85877
0.672804
0.306505
0.265664
0.222655
0.169779
0.122319
0.089591
0.04991
~
35.278824
28.837016
21.300035
0.673059
0.881245
0.304605
0.263829
0.222583
0.169902
0.122231
0.089592
0.05
~
35.275984
26.129159
21.308691
0.670162
0.668152
0.304715
0.263752
0.222503
0.169901
0.122376
0.089587
0.049891
~
35.50407
28.932074
26.702541
1.453952
1.178844
0.306549
0.265805
0.224206
0.171428
0.12415
0.091723
0.051775
~
35.494278
32.249971
21.211222
0.722688
1.190223
0.304591
0.263972
0.222468
0.171951
0.12409
0.091692
0.05186
~
35.525665
28.014355
24.544752
0.654575
0.592739
0.307354
0.266321
0.225052
0.171877
0.124191
0.091614
0.05195
~
35.549201
29.251848
21.01766
0.770717
0.688634
0.307237
0.266507
0.225225
0.172119
0.124152
0.091746
0.051897
~
35.537676
28.078952
22.564109
0.743612
0.596246
0.306487
0.265517
0.223964
0.1714
0.124122
0.091617
0.051823
~
35.528985
27.438727
22.818026
0.728207
0.598453
0.30745
0.266232
0.22525
0.171855
0.124051
0.091709
0.051846
~
35.521085
27.942954
21.976821
0.657766
0.674228
0.307339
0.266272
0.225169
0.17174
0.124178
0.09162
0.051928
~
35.515336
30.5055
21.982609
0.673184
1.333707
0.304899
0.264141
0.225331
0.172039
0.124195
0.09156
0.051938
~
35.534378
28.209173
21.311816
0.641363
0.702638
0.306976
0.266118
0.224842
0.17191
0.124168
0.09155
0.051894
~
35.517259
27.668573
23.730223
0.674808
0.613402
0.306969
0.266221
0.224202
0.172022
0.123918
0.09128
0.051489
~
35.668662
27.591649
22.020248
0.674167
0.689316
0.306954
0.266063
0.224317
0.171806
0.123965
0.091255
0.051422
~
35.565529
30.360227
23.02146
0.656248
0.596915
0.306571
0.265716
0.223967
0.171546
0.124118
0.091705
0.051863
~
35.521159
28.141828
24.134174
~
35.514597
33.051017
23.752968
0.674198
0.672843
0.306308
0.265583
0.224033
0.171413
0.124035
0.091685
0.051897
~
35.492117
27.779989
22.304563
0.672226
0.712161
0.307882
0.266565
0.225344
0.172392
0.124288
0.091786
0.051892
~
35.53426
29.243533
24.400566
0.710805
0.597734
0.307353
0.266093
0.225437
0.172183
0.124391
0.091856
0.052085
~
35.53104
32.060447
22.664234
0.812435
0.56393
0.305004
0.264125
0.222204
0.169798
0.12216
0.08944
0.049798
~
35.530239
30.459486
20.203655
1.573208
0.674883
0.307471
0.266017
0.225468
0.172093
0.124484
0.0917
0.05192
~
35.541052
29.52556
22.435132
0.821583
0.718212
0.3075
0.266042
0.225335
0.172325
0.124327
0.091914
0.051992
~
35.53914
28.254723
22.715535
0.697286
0.703762
0.307625
0.266069
0.225344
0.172204
0.1243
0.091785
0.052025
~
35.59976
29.904703
23.915121
0.712518
0.612653
0.307517
0.266213
0.225426
0.172165
0.124267
0.091867
0.051924
~
35.610891
30.052548
23.449057
0.708357
0.72603
0.304743
0.266381
0.225063
0.172541
0.124301
0.091808
0.051934
~
35.603611
29.717317
23.752949
0.698106
0.718619
0.307588
0.26613
0.22518
0.172188
0.125302
0.089944
0.050111
~
35.523732
30.014337
24.886322
0.679778
0.582415
0.306446
0.265812
0.224038
0.171449
0.124132
0.091624
0.051834
~
35.56491
27.672023
24.505683
0.789593
0.578284
0.304945
0.264069
0.222057
0.170026
0.122115
0.089396
0.052109
~
35.596667
31.125943
22.007311
0.713034
0.703395
0.307297
0.26645
0.225033
0.172047
0.124481
0.091553
0.051888
~
35.601955
33.163774
21.606485
0.675928
0.672986
0.306586
0.265533
0.223992
0.171458
0.12417
0.091649
0.052186
~
35.597645
30.241051
24.239743
0.681381
0.7477
0.307312
0.26664
0.224987
0.172155
0.124249
0.091721
0.052039
~
35.554223
32.309002
22.967366
0.660139
0.697039
0.30558
0.264021
0.222023
0.169774
0.122103
0.08944
0.049806
~
35.640033
37.020758
22.627083
1.252262
0.718325
0.306836
0.266412
0.224912
0.172005
0.124509
0.09124
0.051487
~
35.578525
28.604393
26.241431
0.719741
0.703258
0.307389
0.266176
0.225116
0.171981
0.124408
0.091943
0.052005
~
35.596165
33.597753
24.366836
0.684085
0.733189
0.307623
0.266046
0.225194
0.171887
0.124438
0.091835
0.051952
~
35.603233
30.441043
25.550091
0.698606
0.682754
0.304747
0.264046
0.222205
0.169927
0.122299
0.089407
0.049866
~
35.574033
29.525779
21.830111
0.68432
0.592812
0.304949
0.263922
0.222267
0.169948
0.122276
0.089582
0.049741
~
35.679211
29.857297
21.39818
0.790677
0.667925
0.304689
0.263958
0.222201
0.16991
0.122285
0.089518
0.049789
~
35.340753
28.003387
22.240209
1.020124
0.667966
0.304935
0.263894
0.222089
0.169941
0.122189
0.089561
0.052077
~
35.589456
27.040841
24.251399
0.790539
0.674008
0.294901
0.266095
0.224636
0.171995
0.124139
0.091734
0.051971
~
35.595084
30.746351
22.778919
0.662076
0.566311
0.305327
0.264499
0.222548
0.17013
0.122823
0.090043
0.050188
~
35.402961
28.458577
22.603063
0.739806
0.592863
0.305006
0.264012
0.224098
0.171857
0.122354
0.0893
0.049771
~
35.341542
28.22696
21.580749
0.678306
0.579165
0.305507
0.264062
0.22237
0.170032
0.12245
0.089678
0.050328
~
35.73587
29.544924
22.677512
0.745791
0.618838
0.30754
0.266511
0.225181
0.172168
0.124373
0.091525
0.051915
~
35.607635
26.322428
22.468555
0.688864
0.65993
0.307496
0.266713
0.225212
0.172189
0.124279
0.091473
0.051896
~
35.601005
28.602768
21.34243
0.72389
0.669707
0.305354
0.266615
0.225176
0.17222
0.124343
0.091895
0.051904
~
35.572554
30.580693
24.713242
0.676576
0.67456
0.307455
0.266491
0.225122
0.172152
0.124262
0.091731
0.051954
~
35.608485
29.486662
22.82668
0.665459
0.674637
0.307415
0.266565
0.2254
0.172186
0.124365
0.091882
0.051907
~
35.587468
31.548231
21.666778
0.70982
0.689468
0.307394
0.266475
0.225227
0.172282
0.124353
0.09174
0.051971
~
35.639121
29.224904
23.352304
0.664573
0.716661
0.306794
0.265532
0.224057
0.171372
0.124169
0.091604
0.051906
~
35.557257
27.358747
23.328779
0.674739
0.583404
0.3075
0.266068
0.224704
0.171884
0.1243
0.091828
0.051898
~
35.57501
28.711825
21.455387
1.435179
0.575817
0.307502
0.266027
0.224715
0.171967
0.124182
0.091797
0.051911
~
35.575616
25.785419
21.815125
1.511797
0.742353
0.305631
0.264258
0.222458
0.169988
0.122535
0.09013
0.050179
~
1.283983
0.970649
0.964068
0.549693
0.32578
0.311707
0.275616
0.213455
0.162638
0.122586
0.087893
0.048053
~
1.290139
1.048492
1.194501
0.592939
0.342658
0.313804
0.278719
0.215859
0.172207
0.124446
0.089691
0.049712
~
1.292731
1.129097
1.403591
0.536278
0.357561
0.31381
0.278572
0.216016
0.164886
0.12442
0.091702
0.049684
~
1.290222
1.521992
0.946423
0.552185
0.343189
0.313822
0.27848
0.216048
0.164711
0.124443
0.091656
0.049612
~
1.290412
1.098844
1.054208
0.552275
0.343086
0.313716
0.278643
0.215997
0.164695
0.124403
0.089735
0.049627
~
1.29068
1.349802
0.771964
0.604057
0.341862
0.313686
0.267919
0.216168
0.16489
0.1244
0.091691
0.049669
~
1.290417
1.320188
0.808371
0.603555
0.357598
0.313674
0.278608
0.216048
0.17236
0.124326
0.091715
0.049712
~
1.290287
1.067509
1.194681
~
1.290984
0.914504
0.850695
0.605914
0.357587
0.313738
0.278621
0.225168
0.164928
0.124333
0.089691
0.049704
~
1.28998
1.319086
1.06921
0.810959
0.343096
0.313699
0.278513
0.216132
0.172234
0.124438
0.089718
0.049672
~
1.290319
1.067164
0.804724
0.552117
0.329423
0.313803
0.278499
0.215919
0.172268
0.124311
0.091722
0.049652
~
1.290464
1.123687
0.795109
0.536587
0.357557
0.31346
0.278302
0.224309
0.164223
0.124079
0.08925
0.049273
~
1.289723
1.461152
0.981162
0.551425
0.356778
0.31325
0.278007
0.216243
0.164858
0.124331
0.091806
0.049703
~
1.290418
0.85348
1.358884
0.564482
0.329517
0.313732
0.278516
0.216072
0.172314
0.1244
0.091728
0.049663
~
1.289764
1.331648
0.795821
0.55316
0.329664
0.313671
0.278498
0.225141
0.164715
0.124355
0.089734
0.04955
~
1.290687
1.131265
0.929278
0.610659
0.356732
0.326295
0.278522
0.216162
0.172165
0.124328
0.091738
0.051922
~
1.290516
0.855731
0.916168
0.627514
0.34321
0.326318
0.278531
0.215971
0.172415
0.124392
0.091751
0.049645
~
1.2899
1.091617
1.015995
0.536305
0.32944
0.313839
0.278502
0.215996
0.164747
0.124388
0.091675
0.049606
~
1.290209
1.066509
1.205823
0.539467
0.342997
0.313762
0.278517
0.216107
0.164764
0.124453
0.089677
0.049631
~
1.290229
1.67234
73.561716
~
1.291114
1.202013
0.821432
0.611321
0.343325
0.313744
0.27856
0.216075
0.164612
0.124412
0.089677
0.049671
~
1.290185
1.055374
0.980964
0.571835
0.343221
0.31374
0.278504
0.216079
0.172345
0.124342
0.089722
0.049658
~
1.290279
1.114292
0.824773
0.603718
0.313914
0.313853
0.278508
0.21608
0.164626
0.12435
0.089643
0.051888
~
1.290657
1.207815
0.904199
0.620196
0.34303
0.313829
0.278499
0.216023
0.164628
0.124332
0.091724
0.049645
~
1.290977
1.299826
0.976617
0.611793
0.344485
0.313743
0.278421
0.216265
0.164579
0.124412
0.089695
0.049627
~
1.29032
1.128914
0.924741
0.552214
0.343448
0.313843
0.278577
0.216071
0.164687
0.124412
0.091711
0.049615
~
1.290272
1.704785
1.092593
0.563897
0.343328
0.3136
0.278545
0.21599
0.172073
0.124277
0.091711
0.049682
~
1.290436
0.855695
0.978665
0.638868
0.328222
0.313752
0.278391
0.215934
0.164592
0.124317
0.091718
0.049597
~
1.290264
1.311774
1.063323
0.55211
0.360307
0.313956
0.278639
0.216193
0.164712
0.12439
0.091741
0.049658
~
1.293325
0.833917
0.978052
0.611867
0.356805
0.313916
0.278438
0.215835
0.164569
0.124369
0.089579
0.051955
~
32.982911
33.174604
21.94838
0.756339
0.676989
0.305506
0.264155
0.222564
0.170217
0.122274
0.089691
0.051941
~
32.957026
29.556684
23.366711
0.770342
0.668236
0.305041
0.263871
0.222139
0.169774
0.122165
0.089532
0.04982
~
32.928481
40.142852
23.949289
0.737791
0.681479
0.307377
0.2662
0.224445
0.172119
0.124215
0.09162
0.052056
~
33.040768
39.109687
24.125484
0.903962
~
32.931354
31.087611
25.940062
1.087261
0.674357
0.307653
0.2668
0.225117
0.17185
0.124116
0.09179
0.05192
~
32.982978
28.826436
22.463044
1.022001
0.666819
0.282316
0.266789
0.225055
0.171945
0.124082
0.09185
0.051913
~
32.97924
48.689493
22.271143
0.778413
0.674136
0.30748
0.266753
0.225123
0.171842
0.124241
0.091853
0.051891
~
32.97505
35.498253
24.766736
0.771209
0.675179
0.304933
0.2639
0.222171
0.169617
0.122072
0.08973
0.049824
~
32.741988
37.070072
20.959582
0.796389
0.668458
0.304939
0.263959
0.222149
0.169856
0.122173
0.089681
0.047611
~
32.924947
30.273252
24.218687
0.796621
~
32.994756
38.624524
27.548426
0.711005
0.674475
0.307614
0.266136
0.225475
0.17182
0.124429
0.091794
0.052026
~
32.95957
40.389332
23.794356
1.57274
0.676472
0.305767
0.26635
0.225228
0.172125
0.124201
0.091859
0.051941
~
32.976603
63.93003
23.532994
0.795984
0.67552
0.286256
0.264017
0.222158
0.169667
0.122106
0.089381
0.049862
~
32.757253
54.697092
24.36009
1.082587
0.668649
0.304716
0.263863
0.222144
0.169702
0.122156
0.08927
0.049809
~
33.016244
28.491304
23.655096
0.768356
0.68164
0.282997
0.266077
0.224667
0.17204
0.124208
0.09174
0.051916
~
32.97998
46.278914
25.366375
1.614226
0.668431
0.305207
0.264356
0.22216
0.169744
0.122145
0.089294
0.04998
~
32.753261
87.020645
23.498309
1.204052
0.669944
0.305742
0.264122
0.222562
0.169975
0.122507
0.089896
0.050265
~
32.788556
33.763775
23.052736
1.339819
0.680179
0.292743
0.267944
0.224357
0.171856
0.124225
0.091366
0.051615
~
32.938868
36.838617
23.407623
0.889262
0.67413
0.306711
0.266176
0.224828
0.172022
0.124146
0.091528
0.051587
~
33.065468
28.649677
22.360848
0.745346
0.67387
0.306869
0.266118
0.22515
0.172133
0.124275
0.091575
0.051937
~
32.97086
58.798989
25.00527
0.889512
0.67047
0.305667
0.26384
0.224876
0.172117
0.124189
0.091491
0.051986
~
32.977335
57.64463
25.470938
1.20652
0.674268
0.307547
0.266365
0.225281
0.171898
0.124151
0.09178
0.051929
~
33.003392
33.335306
26.070376
0.782107
0.674523
0.307662
0.266207
0.224758
0.171976
0.124232
0.091561
0.051941
~
32.976509
75.181955
22.035994
0.735689
0.675798
0.304969
0.264091
0.222328
0.169943
0.122504
0.089461
0.047631
~
32.967927
30.613543
23.407099
1.326069
~
32.754596
36.268265
27.060722
0.846741
0.596139
0.306705
0.26561
0.22404
0.171485
0.124252
0.091696
0.051877
~
32.982489
36.757102
24.492821
0.775594
0.673622
0.307068
0.26571
0.224838
0.171625
0.124322
0.091721
0.051959
~
32.977817
55.843866
24.884136
0.776383
~
32.976787
38.530555
23.778624
0.710465
0.674223
0.307433
0.2668
0.225135
0.171941
0.124214
0.091902
0.051912
~
32.979642
41.223577
25.686264
1.453093
0.676707
0.30768
0.266696
0.22506
0.172092
0.124159
0.091841
0.051864
~
40.097547
36.454716
21.903804
17.551746
0.521073
0.469557
0.266886
0.225175
0.179398
0.126918
0.091827
0.051928
~
40.109575
27.814289
23.991814
16.981697
0.625801
0.520984
0.396388
0.225264
0.165784
0.127042
0.091854
0.051855
~
40.120195
27.932292
24.820822
17.992665
0.835274
0.472242
0.255855
0.2252
0.179323
0.126999
0.091809
0.05184
~
40.116709
31.509005
23.880955
~
40.11673
28.922413
26.325642
17.320432
0.784033
0.465104
0.264101
0.222646
0.177669
0.125125
0.089459
0.049905
~
39.82993
29.343281
22.938628
17.364598
0.50211
0.51825
0.263798
0.222358
0.177119
0.125066
0.089488
0.049797
~
40.104308
28.637336
22.582565
18.09862
0.555935
0.465829
0.266934
0.225278
0.179504
0.126922
0.091759
0.051849
~
40.129637
27.369555
25.560034
~
39.901825
28.680992
24.612258
16.325558
0.640815
0.465189
0.264147
0.225373
0.17961
0.127081
0.09156
0.051862
~
40.114004
27.300599
25.297406
18.122326
~
40.093978
30.098399
23.375348
17.169043
0.608617
0.496473
0.266665
0.225161
0.179627
0.127145
0.091459
0.052008
~
40.1015
30.065287
21.437485
18.055297
0.614338
0.600956
0.266928
0.225132
0.200688
0.127043
0.091492
0.051946
~
40.089421
27.330443
25.236624
17.29206
0.554322
0.478291
0.26414
0.222163
0.177305
0.124952
0.089371
0.049902
~
39.930875
29.901819
23.355874
16.5638
0.504504
0.465079
0.264149
0.222241
0.163445
0.124957
0.089532
0.049803
~
40.146671
28.30825
21.368146
~
39.831958
27.151191
23.105843
17.150791
0.503239
0.466097
0.253522
0.222629
0.156444
0.12529
0.089716
0.050189
~
40.019198
26.559291
25.744575
17.074913
0.514779
0.478122
0.263932
0.222081
0.181813
0.127203
0.091567
0.051987
~
40.090715
30.123403
22.318067
17.573061
0.62265
0.520721
0.255789
0.225252
0.179619
0.129969
0.091568
0.051877
~
40.083667
31.003812
23.123421
17.216818
0.590006
0.504978
0.242325
0.224706
0.177074
0.12497
0.089529
0.049846
~
39.815359
28.217605
23.591329
18.200158
0.555564
0.481314
0.266491
0.224613
0.179529
0.12696
0.091675
0.052
~
40.167155
28.919661
26.782977
17.939983
0.505411
0.505813
0.253577
0.222583
0.177415
0.125448
0.090077
0.052058
~
40.222816
26.687873
25.971368
19.867821
~
39.96404
27.45942
22.074602
17.733891
0.516425
0.477508
0.264063
0.222307
0.177346
0.124954
0.089641
0.049761
~
40.10549
29.361596
26.875641
19.712172
0.926826
0.429118
0.234474
0.225147
0.179637
0.12719
0.091935
0.051882
~
40.114805
29.23358
22.787006
17.56358
0.969253
0.607895
0.253428
0.222166
0.17715
0.127907
0.089429
0.049751
~
39.844602
28.996524
25.487096
61.38285
~
39.883083
37.980012
28.049368
17.522332
0.576219
0.478914
0.272515
0.225291
0.179667
0.12709
0.091718
0.052117
~
40.091139
27.429684
25.187771
17.069287
0.563746
0.612849
0.265673
0.224121
0.179165
0.126996
0.091587
0.051937
~
40.175891
28.438135
21.841902
18.240675
0.573869
0.477719
0.264126
0.222283
0.177185
0.125058
0.089467
0.049822
~
39.829168
27.489305
22.464255
17.988624
0.63848
0.482103
0.267031
0.225384
0.179371
0.126951
0.091974
0.051896
~
33.361781
30.10037
21.67419
0.692869
0.608479
0.305579
0.264328
0.22256
0.170086
0.124374
0.091628
0.051909
~
33.319725
35.994751
21.398723
0.78204
0.614101
0.307621
0.266854
0.225236
0.171713
0.124131
0.091579
0.051868
~
33.337953
89.654671
22.434203
0.692452
0.592899
0.304985
0.263993
0.222077
0.169607
0.122259
0.089502
0.049765
~
33.089548
29.506446
22.63122
0.700144
0.582724
0.307592
0.26663
0.225415
0.17223
0.124453
0.09158
0.051951
~
33.330678
27.168663
26.165429
0.665722
0.612922
0.30735
0.266671
0.225221
0.172331
0.12444
0.091622
0.051947
~
33.324985
46.236742
22.579396
0.697164
0.568221
0.307481
0.266487
0.22516
0.172049
0.124642
0.091669
0.052038
~
33.325671
37.090855
23.235651
0.68092
0.570185
0.307302
0.266507
0.225135
0.172183
0.124297
0.09158
0.051965
~
33.386821
37.208039
24.679933
0.674991
0.592895
0.304935
0.264174
0.222288
0.169943
0.1222
0.089529
0.049759
~
33.085095
28.960966
22.110561
0.690563
0.628583
0.307574
0.26632
0.225216
0.17195
0.1243
0.091788
0.051927
~
33.314765
33.206758
21.11308
0.777121
0.67435
0.307578
0.266316
0.225234
0.171885
0.124191
0.091756
0.051925
~
33.323616
44.706404
22.478511
0.773701
0.674349
0.307516
0.266296
0.225276
0.172041
0.124156
0.09183
0.051957
~
33.341152
62.762459
21.485204
0.692215
0.674451
0.307518
0.266516
0.225401
0.172141
0.124367
0.091916
0.051923
~
33.327825
30.804364
22.74051
0.729042
0.568613
0.307444
0.266607
0.225327
0.17212
0.12442
0.092127
0.051958
~
33.324626
32.449654
25.208901
0.691274
0.67776
0.307562
0.266948
0.23136
0.172204
0.124272
0.09184
0.051862
~
33.313543
37.125115
22.687573
0.72738
0.58177
0.306594
0.26576
0.224076
0.171526
0.124561
0.091832
0.051981
~
33.32014
30.102673
23.348022
0.706904
0.604743
0.307345
0.266524
0.225343
0.172061
0.126885
0.09159
0.051949
~
33.380305
26.058095
21.449591
0.7524
0.669718
0.305629
0.264183
0.222692
0.169982
0.122399
0.091747
0.051942
~
33.412969
32.235384
21.593377
0.685364
0.593934
0.305623
0.26423
0.222382
0.170017
0.122508
0.089973
0.050344
~
33.180889
29.355762
21.980328
0.68432
0.711816
0.304988
0.264031
0.222308
0.169862
0.122123
0.089639
0.049912
~
33.100636
76.08453
21.547797
0.689404
0.696428
0.307571
0.266668
0.224944
0.171904
0.124118
0.091666
0.052113
~
33.361315
29.549823
22.888335
0.677546
0.690534
0.307783
0.266423
0.224953
0.172004
0.124113
0.091664
0.052117
~
33.322138
31.207345
24.419457
0.691708
0.564211
0.304874
0.264001
0.22204
0.169718
0.122253
0.089307
0.049862
~
33.092909
51.172409
21.946836
0.683704
0.668752
0.30502
0.26395
0.222209
0.16975
0.122146
0.089324
0.052378
~
33.305332
57.160996
21.709304
0.757618
0.578562
0.304864
0.26401
0.222252
0.169805
0.12224
0.089362
0.049825
~
33.362622
28.022543
23.4433
0.688686
0.554111
0.307011
0.26624
0.225269
0.171895
0.124211
0.091268
0.051393
~
33.297433
40.433
22.931581
1.477596
0.68831
0.307084
0.266215
0.22495
0.171997
0.124189
0.091066
0.051505
~
33.304462
59.594077
21.380002
0.692044
0.674996
0.307417
0.26629
0.225306
0.171867
0.124203
0.091777
0.052221
~
33.45214
40.474899
22.546947
0.689356
0.718558
0.307409
0.266817
0.225148
0.172061
0.124349
0.091555
0.05191
~
33.319562
41.433732
22.70945
0.710263
0.712968
0.305561
0.264782
0.222609
0.170245
0.122748
0.089691
0.050212
~
33.354747
41.932715
22.111316
0.715833
0.626698
0.307563
0.266157
0.225362
0.171838
0.124139
0.091751
0.051925
~
34.406008
26.520576
21.825038
0.693883
0.67459
0.307587
0.266072
0.225282
0.171871
0.124185
0.091684
0.051941
~
34.397342
26.97322
22.08319
0.689076
0.67425
0.307503
0.266201
0.225064
0.17189
0.12421
0.091733
0.05201
~
34.394564
27.342906
22.223355
0.705441
0.582806
0.307025
0.266097
0.224087
0.171788
0.123964
0.091244
0.05144
~
34.483693
26.540489
22.681141
0.676759
0.565714
0.304882
0.264005
0.222218
0.170133
0.122131
0.089566
0.049894
~
34.147914
28.796356
22.337504
0.681923
0.718217
0.307419
0.26603
0.224502
0.172052
0.12427
0.091927
0.051945
~
34.487998
26.576737
22.203012
0.726129
0.585651
0.305039
0.26391
0.222373
0.169866
0.122165
0.089479
0.049825
~
34.158573
26.609691
21.333957
0.754548
0.674375
0.307516
0.266044
0.224845
0.171868
0.124003
0.091595
0.051747
~
34.406682
27.236384
21.918123
0.677215
0.601617
0.305592
0.26421
0.224928
0.17002
0.122449
0.090042
0.050231
~
34.209671
25.590562
22.163727
0.687646
0.673802
0.306585
0.2657
0.224032
0.171577
0.124116
0.091626
0.051871
~
34.367532
27.453064
22.701174
0.711018
0.58556
0.304949
0.264019
0.222396
0.169621
0.122307
0.089414
0.049892
~
34.153308
27.295884
24.647786
0.793459
0.567621
0.306975
0.265863
0.224001
0.171435
0.123741
0.091477
0.051825
~
34.366701
25.859949
21.728711
1.03468
0.703099
0.307335
0.265965
0.224549
0.171726
0.123982
0.09142
0.051851
~
34.391326
28.851964
25.751852
0.787681
0.647862
0.307507
0.265934
0.22428
0.171797
0.12398
0.091409
0.052013
~
34.375191
26.623254
22.648077
0.710947
0.578591
0.305069
0.263996
0.222306
0.169768
0.122302
0.089287
0.049822
~
34.150689
26.390706
22.549675
0.68896
0.582731
0.307521
0.265978
0.22437
0.171619
0.124169
0.091283
0.051918
~
34.384852
28.598351
22.622684
0.688495
0.596
0.306574
0.265617
0.224393
0.171673
0.124123
0.091646
0.051899
~
34.424694
27.171035
22.243849
0.698786
0.674257
0.307505
0.266034
0.224421
0.171677
0.124002
0.091403
0.051917
~
34.402971
28.976977
22.286522
0.82392
0.565247
0.305489
0.264167
0.222641
0.169913
0.122492
0.089957
0.050188
~
34.39115
26.541419
21.513041
0.717852
0.590157
0.307488
0.266187
0.224809
0.172154
0.124323
0.09166
0.051906
~
34.379142
28.687114
22.539642
0.681468
0.58269
0.307404
0.26617
0.224855
0.171971
0.124251
0.09168
0.051807
~
34.164284
28.365457
21.808467
0.674201
0.582755
0.307508
0.266344
0.224922
0.171841
0.124067
0.091833
0.051872
~
34.38336
27.182263
25.888613
1.284247
0.673268
0.306568
0.265594
0.224371
0.171478
0.124103
0.091437
0.051901
~
34.358072
27.047213
22.745859
0.687515
0.596576
0.306558
0.265367
0.224236
0.171628
0.124208
0.091434
0.051923
~
34.404459
27.667239
20.361288
0.683508
0.668487
0.304829
0.26449
0.224689
0.172097
0.124118
0.091649
0.051882
~
34.374048
26.292045
25.097999
0.721857
0.582517
0.307401
0.266013
0.224394
0.172129
0.124321
0.091661
0.051755
~
34.371051
27.217121
24.542587
0.677144
0.698248
0.305338
0.26412
0.222484
0.169927
0.122494
0.089732
0.050156
~
34.215618
28.968743
24.08661
0.676411
0.565704
0.304938
0.263766
0.222148
0.169768
0.122209
0.089492
0.050008
~
34.451292
27.847943
22.170508
0.685502
0.608203
0.305574
0.264106
0.22254
0.169891
0.122542
0.089927
0.050337
~
34.227309
27.118312
22.872478
0.727397
0.597915
0.307496
0.266181
0.224524
0.171846
0.124216
0.091927
0.051948
~
34.498883
26.064997
22.045262
0.749778
0.582943
0.307202
0.266291
0.22514
0.172039
0.124301
0.091595
0.051425
~
0.846159
0.714316
0.76197
0.619925
0.356232
0.313559
0.277809
0.215087
0.164044
0.124134
0.089919
0.049641
~
0.839061
1.031339
1.479261
0.536531
0.356174
0.313724
0.276807
0.215344
0.164144
0.124194
0.091827
0.049618
~
0.838933
0.730507
0.761676
0.536632
0.29964
0.313691
0.277549
0.215572
0.164206
0.123999
0.092021
0.04964
~
0.839257
0.717137
1.02634
0.680058
0.356079
0.313662
0.277801
0.215483
0.164225
0.124449
0.089776
0.051906
~
0.839199
0.853822
0.788694
0.604482
0.356078
0.313753
0.288279
0.215485
0.164185
0.124359
0.091867
0.049561
~
0.839446
0.716419
0.743359
0.804753
0.356001
0.313741
0.277802
0.215754
0.164349
0.124166
0.08987
0.049614
~
0.839181
1.367571
0.761946
0.620731
0.356216
0.313959
0.277475
0.215417
0.164094
0.124062
0.089574
0.047753
~
0.839134
0.71597
0.786512
0.820603
0.356201
0.31368
0.27798
0.215541
0.164693
0.124149
0.089612
0.049593
~
0.839169
0.730135
0.770244
0.603104
0.341972
0.313777
0.278002
0.215473
0.164809
0.124181
0.0917
0.049595
~
0.841623
0.713927
1.554307
0.536313
0.355943
0.313761
0.27706
0.22467
0.164654
0.124312
0.091661
0.049521
~
0.839245
0.713771
0.761668
0.968857
0.356132
0.313529
0.27706
0.224714
0.172119
0.124181
0.08974
0.049541
~
0.839353
0.994866
0.815586
0.536347
0.313757
0.313541
0.266572
0.224606
0.164745
0.124164
0.091696
0.049573
~
0.839275
0.713002
0.790193
0.628111
0.355911
0.313556
0.256927
0.22466
0.164653
0.12428
0.091642
0.049631
~
0.839282
0.716598
1.464833
0.534012
0.35405
0.311779
0.275854
0.222544
0.162621
0.122358
0.087838
0.049695
~
0.839038
0.713236
0.779278
0.603438
0.314058
0.313644
0.276932
0.215398
0.164729
0.124278
0.091676
0.049664
~
0.838937
0.732587
0.84931
0.536789
0.356242
0.313715
0.276941
0.225256
0.164587
0.124314
0.091671
0.049568
~
0.839323
0.76686
0.816858
0.722473
0.355632
0.313034
0.27724
0.214799
0.164162
0.124275
0.089593
0.04959
~
0.83928
0.712859
0.779747
0.535781
0.355494
0.313004
0.266411
0.21509
0.163985
0.124311
0.091572
0.049646
~
0.840831
0.712915
0.770263
0.603762
0.356221
0.313985
0.277327
0.215685
0.164462
0.124186
0.091796
0.049552
~
0.839504
0.713072
1.578487
0.599899
0.297414
0.311185
0.278623
0.215638
0.164553
0.124126
0.08975
0.049623
~
0.839292
0.907142
0.779746
0.537585
0.356015
0.313809
0.26628
0.224957
0.16442
0.124117
0.089709
0.04983
~
0.838985
0.715869
0.761294
0.603587
0.356134
0.313869
0.278128
0.224929
0.171881
0.124242
0.089863
0.049526
~
0.83913
0.713671
0.751879
1.070768
0.341896
0.31401
0.267055
0.22489
0.164402
0.124241
0.091723
0.049509
~
0.839256
0.715567
1.450096
0.589465
0.356174
0.314019
0.277252
0.215648
0.164457
0.124259
0.091675
0.049551
~
0.839335
0.712898
0.761438
0.536654
0.356104
0.313853
0.278108
0.215699
0.164479
0.124088
0.089796
0.049497
~
0.839367
1.64222
1.157325
0.619761
0.314011
0.314096
0.278443
0.216177
0.165004
0.124643
0.091997
0.04988
~
0.840465
0.751247
1.007706
0.63477
0.355415
0.312895
0.277255
0.215115
0.164063
0.124117
0.091544
0.049571
~
0.839609
0.736152
0.808029
0.535732
0.29899
0.31296
0.277267
0.214718
0.164086
0.124031
0.091562
0.049738
~
0.839522
0.713068
0.743147
0.588468
0.355378
0.313072
0.276266
0.215018
0.164134
0.123971
0.091586
0.049681
~
0.839436
0.710782
0.743566
0.571344
0.355989
0.313724
0.316739
0.216009
0.164519
0.124181
0.089709
0.049678
~
34.511634
27.85683
21.692065
0.730127
0.584256
0.307534
0.266268
0.224809
0.171863
0.124061
0.091911
0.051893
~
34.503652
29.16344
22.226577
0.692032
0.59739
0.307411
0.266482
0.22489
0.171929
0.124174
0.091718
0.05179
~
34.502002
36.345329
23.162873
0.699764
0.673459
0.306802
0.265448
0.223984
0.171399
0.124074
0.091589
0.051903
~
34.49688
32.143452
22.585471
0.683348
0.697603
0.304926
0.263825
0.222247
0.169771
0.122154
0.089369
0.049926
~
34.630819
30.574977
23.234929
0.674855
0.622054
0.304864
0.263849
0.222136
0.169983
0.122218
0.089335
0.049872
~
34.290838
35.772267
24.182027
0.686108
0.59395
0.305401
0.26437
0.222554
0.171898
0.124059
0.091542
0.051855
~
34.519614
27.083634
22.279636
1.760787
0.674098
0.307438
0.266199
0.224661
0.171882
0.124186
0.091514
0.051872
~
34.5108
28.332768
22.917969
0.690134
0.612488
0.309496
0.266164
0.224829
0.17181
0.124174
0.091682
0.05185
~
34.548482
28.248045
22.00225
0.745466
0.73263
0.307383
0.265813
0.224187
0.171586
0.123853
0.09151
0.051936
~
34.602518
37.731419
21.554654
0.681899
0.673189
0.306602
0.265431
0.224002
0.17139
0.123997
0.091787
0.051921
~
34.502152
31.814107
22.81663
0.727169
0.611343
0.306951
0.265651
0.223897
0.171548
0.124102
0.091669
0.051919
~
34.513118
34.951526
22.745548
0.697113
0.673656
0.306719
0.265526
0.224183
0.171559
0.124123
0.091775
0.051956
~
34.524707
45.40265
24.555125
0.68871
0.674487
0.307384
0.26616
0.224754
0.172184
0.124245
0.091757
0.05192
~
34.522035
28.839622
22.642718
0.759745
0.669736
0.305713
0.266246
0.224669
0.171781
0.123963
0.091525
0.051873
~
34.525841
46.078158
25.641858
0.764534
0.674537
0.307615
0.266053
0.224434
0.172073
0.124243
0.091595
0.052006
~
34.534812
27.785786
22.481534
1.762993
0.754478
0.306675
0.265729
0.224185
0.171479
0.124003
0.091505
0.05192
~
34.516427
31.50788
21.61674
0.678236
0.593991
0.305402
0.264085
0.222578
0.169944
0.122565
0.089805
0.050264
~
34.621427
37.524367
22.374741
0.807578
0.674157
0.307495
0.266402
0.224877
0.171843
0.124127
0.091752
0.051829
~
34.520119
38.574476
23.551599
1.288744
0.697268
0.305047
0.26378
0.222511
0.169782
0.122132
0.089308
0.049819
~
34.300519
35.380831
24.274669
0.678952
0.592592
0.304865
0.263829
0.222268
0.169621
0.122195
0.08925
0.049824
~
34.285547
30.975496
23.401041
0.778558
0.58304
0.307451
0.266317
0.224834
0.171905
0.124153
0.091879
0.051972
~
34.514747
72.146035
23.893766
0.703505
0.585179
0.308127
0.267343
0.225804
0.172838
0.12494
0.091663
0.051751
~
34.822515
28.098376
23.273317
0.769616
0.636828
0.324995
0.279223
0.236373
0.182865
0.128626
0.100544
0.0525
~
36.366642
35.626566
24.298596
0.73346
0.624974
0.334213
0.295034
0.246268
0.191783
0.140485
0.096434
0.060355
~
36.901791
36.866788
24.70996
0.726767
0.62249
0.321242
0.280207
0.265095
0.183667
0.136012
0.097558
0.051513
~
35.924299
35.236781
23.765623
0.844654
0.705793
0.319714
0.275536
0.238482
0.175435
0.129401
0.092451
0.053406
~
36.041503
36.966342
23.344827
0.75215
0.720652
0.32095
0.277241
0.226078
0.178451
0.127065
0.096733
0.052974
~
36.831581
31.51665
24.906548
0.733419
0.694801
0.32814
0.273815
0.240719
0.176376
0.132841
0.094798
0.052057
~
36.220539
30.907108
24.170383
1.112761
0.661881
0.32437
0.281324
0.235241
0.184136
0.12885
0.099441
0.049827
~
36.910479
79.057076
23.771134
0.691442
0.65743
0.327358
0.289228
0.235269
0.184466
0.128105
0.094204
0.056519
~
35.9168
31.327839
22.554756
~
35.752146
28.588568
25.581472
0.725534
0.601227
0.317173
0.286682
0.239214
0.179673
0.131322
0.089815
0.057084
~
36.553886
30.668288
23.864999
1.077575
0.728635
0.331236
0.290864
0.222985
0.170059
0.125524
0.090283
0.049827
~
36.233418
28.755134
23.21855
0.831991
0.604684
0.312589
0.269438
0.237738
0.187189
0.124313
0.096376
0.06004
~
35.317366
32.191403
22.867925
0.726582
0.682989
0.319756
0.287641
0.24421
0.172928
0.124631
0.090598
0.053889
~
35.069877
29.681123
25.820177
0.689936
0.568896
0.310328
0.274441
0.223112
0.169985
0.121466
0.089719
0.051211
~
34.172408
29.388304
21.486088
0.691294
0.591795
0.307717
0.26718
0.223663
0.170073
0.121934
0.091245
0.049682
~
34.455406
28.98438
24.498913
0.709359
0.587556
0.364137
0.284281
0.238868
0.184803
0.13204
0.097536
0.051827
~
35.951362
33.821289
23.789153
0.733709
0.603589
0.327915
0.283292
0.237531
0.188505
0.14576
0.098576
0.059438
~
36.009936
33.022488
25.20046
0.821184
0.729754
0.324624
0.285442
0.239482
0.182531
0.131425
0.096036
0.051088
~
35.99166
33.934035
25.703559
0.717982
0.630052
0.327753
0.278121
0.240062
0.180854
0.129891
0.097489
0.054689
~
36.076039
30.565798
23.790079
0.719424
0.722323
0.326697
0.281046
0.233349
0.182861
0.132493
0.096216
0.054037
~
36.093468
29.330798
22.71478
0.715557
0.753139
0.326144
0.281951
0.234077
0.179132
0.130935
0.096798
0.053976
~
35.897701
31.434486
26.9924
0.73903
0.718426
0.322944
0.289497
0.239084
0.182342
0.133867
0.097594
0.054961
~
36.140285
28.16024
22.87832
0.694557
0.724468
0.310718
0.282721
0.242082
0.183854
0.132395
0.098185
0.054019
~
36.227681
29.54538
24.520829
0.751237
0.704564
0.325603
0.268159
0.225814
0.181104
0.12619
0.094812
0.054169
~
36.154522
28.5686
22.507476
0.720881
0.630834
0.321583
0.277755
0.239146
0.181782
0.130385
0.095309
0.052877
~
35.936933
27.799423
23.256311
0.727126
0.617337
0.329033
0.28062
0.238559
0.184254
0.130605
0.096935
0.052526
~
36.19372
30.234475
25.433129
1.985281
0.631786
0.326457
0.285221
0.237345
0.182427
0.131615
0.097961
0.054559
~
36.270637
32.575978
23.703448
0.716971
0.619217
0.327441
0.271196
0.242488
0.182304
0.133389
0.097514
0.054545
~
36.295122
28.917697
23.099803
0.815117
0.638514
0.320328
0.283483
0.243794
0.182607
0.130008
0.094682
0.052367
~
35.418722
32.078282
22.570671
0.744625
0.580189
0.31604
0.268401
0.22736
0.182004
0.131379
0.106766
0.050554
~
35.742126
30.653649
22.966265
1.388632
0.638697
0.324527
0.289987
0.240927
0.18289
0.138075
0.096873
0.055897
~
36.289137
31.921998
24.73073
0.755439
0.60481
0.327545
0.28556
0.236757
0.175713
0.129345
0.096882
0.052824
~
36.189395
31.154983
31.564446
0.727334
0.716122
0.32609
0.280422
0.238185
0.17987
0.130401
0.09602
0.053301
~
36.19859
30.198435
25.667649
0.718224
0.635146
0.322457
0.285222
0.234537
0.169455
0.132593
0.096136
0.053734
~
35.337886
29.569741
22.589413
0.731761
0.617063
0.318013
0.281311
0.24094
0.183855
0.131802
0.096363
0.053738
~
36.061472
28.01323
22.160343
0.813801
0.617653
0.328051
0.285394
0.241194
0.172268
0.12319
0.088794
0.048867
~
35.962993
29.115801
25.449345
0.72809
0.761213
0.318845
0.283242
0.239966
0.183606
0.131567
0.096204
0.053727
~
36.16689
31.50932
24.356721
0.766746
0.791218
0.331886
0.281705
0.23792
0.184702
0.132662
0.094194
0.053686
~
37.671836
95.437391
~
37.755965
93.927082
~
37.362085
88.270277
~
37.669561
92.311881
~
36.854978
96.204485
~
38.162593
91.886046
~
37.345018
91.570215
~
35.684347
92.477127
~
37.215625
93.42998
~
37.102328
93.485483
~
37.798831
92.317271
~
37.528828
92.561931
~
37.413452
92.33508
~
37.335121
93.694057
~
37.394465
92.967228
~
37.255586
93.403404
~
37.391336
93.8763
~
37.342594
92.389664
~
37.324425
84.667137
~
37.297955
93.558696
~
37.229468
89.453613
~
37.537308
87.119275
~
37.264259
92.097616
~
37.256788
95.28772
~
37.833309
96.487439
~
37.339658
93.352263
~
37.254589
91.478389
~
37.302778
94.004758
~
37.318608
91.000856
~
37.189765
93.114232
~
37.488903
30.394016
22.059413
0.734917
0.765788
0.310223
0.285128
0.236502
0.179844
0.123612
0.089896
0.049677
~
38.227719
30.861437
23.021982
0.720289
0.616773
0.328946
0.281776
0.239734
0.182692
0.130357
0.095545
0.051593
~
37.604298
31.702
24.447648
0.753601
0.679755
0.310366
0.268329
0.226037
0.172558
0.124002
0.090785
0.050484
~
36.499941
27.012642
22.404697
0.791356
0.718979
0.327736
0.279572
0.240006
0.183292
0.13277
0.09357
0.052958
~
37.739746
28.606912
25.485176
0.820331
0.612374
0.33774
0.293274
0.234227
0.186315
0.136616
0.097113
0.054308
~
37.602866
33.147281
25.000533
0.755111
0.626053
0.323126
0.28369
0.238328
0.180217
0.128308
0.095138
0.05358
~
37.457552
28.431273
23.13518
0.787544
0.718349
0.32955
0.282386
0.237495
0.183213
0.133558
0.094865
0.054548
~
37.686092
29.682289
23.537714
0.735967
0.663667
0.326312
0.277978
0.239023
0.185606
0.131212
0.095241
0.051063
~
37.806839
33.079768
24.510063
0.81903
0.733016
0.324825
0.275685
0.238687
0.185465
0.133904
0.097624
0.055319
~
37.694247
29.23536
24.016456
0.741245
0.789629
0.327341
0.279288
0.23773
0.184307
0.131639
0.095429
0.055435
~
37.647063
31.509008
21.732224
0.785196
0.692044
0.320243
0.284511
0.238874
0.182404
0.1314
0.093326
0.051416
~
37.684168
31.711084
22.735291
0.727126
0.634555
0.322258
0.284546
0.234796
0.183675
0.133248
0.097745
0.052358
~
37.596352
32.845331
24.572267
0.841021
0.627474
0.341879
0.299434
0.249905
0.185939
0.136212
0.105764
0.059624
~
37.81736
28.518939
23.382776
0.759606
0.694361
0.326448
0.277894
0.239391
0.185983
0.131449
0.095528
0.052499
~
37.725175
28.763906
22.213596
0.796008
0.701762
0.326191
0.285437
0.240167
0.181589
0.127714
0.095814
0.053554
~
37.142271
27.543518
25.261661
0.770731
0.782719
0.326433
0.281151
0.232581
0.183854
0.129105
0.097304
0.055309
~
37.705382
27.783016
24.686659
0.750002
0.62746
0.327168
0.281885
0.231971
0.184471
0.128689
0.09619
0.054071
~
37.678239
30.59734
29.730185
0.808646
0.707962
0.327807
0.279556
0.23667
0.183727
0.135007
0.096309
0.05435
~
37.628424
36.437654
24.639483
0.73936
0.701423
0.330572
0.281832
0.25872
0.191972
0.136848
0.095892
0.053789
~
37.761558
28.780563
22.741453
0.831445
0.737465
0.322512
0.285311
0.241519
0.181317
0.129133
0.098256
0.05465
~
37.734072
35.093668
25.953644
0.91468
1.502203
0.323983
0.287519
0.239177
0.180045
0.133369
0.100968
0.054406
~
37.904657
30.040485
24.260096
0.79698
0.727586
0.321992
0.285831
0.238422
0.185705
0.133072
0.097388
0.054527
~
38.010291
33.692899
24.343533
0.793522
0.726395
0.332663
0.290526
0.25821
0.196561
0.13414
0.101269
0.059841
~
38.428522
27.623297
24.59057
0.798678
0.728033
0.332985
0.289695
0.244057
0.186108
0.132543
0.100153
0.055435
~
38.36808
32.551717
23.668322
0.732599
0.729257
0.335741
0.296171
0.239093
0.182591
0.132669
0.098153
0.059436
~
38.267079
29.205947
23.885281
0.832822
0.723313
0.335845
0.296397
0.246312
0.186984
0.13118
0.098717
0.049325
~
37.515543
31.327234
24.751362
0.726277
0.718645
0.323785
0.282984
0.238692
0.179412
0.136362
0.096674
0.053773
~
37.723345
30.970515
23.493753
0.724217
0.708515
0.329886
0.277265
0.234517
0.183082
0.131789
0.095787
0.053576
~
37.649046
32.737013
22.090175
2.881079
0.713126
0.320523
0.284366
0.23586
0.182325
0.133494
0.096931
0.053893
~
38.060751
30.418458
22.937603
0.81151
0.80372
0.329882
0.290711
0.24349
0.1896
0.134816
0.101502
0.060531
~
37.154156
29.869413
23.885668
0.738566
0.719634
0.327886
0.290173
0.246046
0.186585
0.1275
0.096831
0.054622
~
37.259059
31.719427
22.711058
1.923917
0.721989
0.326522
0.28409
0.246428
0.191775
0.135174
0.095939
0.051707
~
37.330356
29.239016
25.368587
1.043744
0.744556
0.323475
0.282311
0.242835
0.186465
0.131437
0.092257
0.052872
~
37.298036
30.889896
25.719596
0.767913
0.755211
0.327382
0.282751
0.238834
0.178815
0.127825
0.097564
0.055288
~
37.199154
29.145022
22.610457
0.743636
0.726484
0.331079
0.283171
0.244239
0.183235
0.127833
0.095218
0.054095
~
36.930853
30.414735
23.902164
0.733076
0.626328
0.331533
0.288972
0.235685
0.18507
0.130106
0.097393
0.055141
~
37.283786
29.053021
23.257792
0.829781
0.719766
0.329358
0.288255
0.237922
0.182251
0.133736
0.097014
0.052986
~
37.137906
31.813767
24.054093
0.780472
0.674555
0.333222
0.284979
0.235889
0.182169
0.130262
0.097567
0.054973
~
37.284327
29.534648
24.495645
0.808712
0.627877
0.330142
0.280333
0.235046
0.183593
0.132032
0.099042
0.055774
~
37.671211
30.915634
22.496026
0.800374
0.637415
0.332669
0.285089
0.240553
0.180144
0.130657
0.102559
0.054458
~
37.533981
31.122107
23.647018
1.199245
0.720572
0.32427
0.284481
0.243222
0.18393
0.13271
0.098886
0.054441
~
37.089658
27.808828
22.981562
0.822574
0.743856
0.343605
0.297316
0.249236
0.189995
0.139255
0.102726
0.060091
~
37.434844
30.170982
23.673849
0.794236
0.709365
0.325718
0.284796
0.242121
0.184492
0.131942
0.098205
0.05482
~
37.176633
31.023657
25.574391
0.81054
0.728232
0.324584
0.284578
0.240134
0.186245
0.134713
0.099884
0.057437
~
37.421135
29.712992
23.763963
0.756146
0.754464
0.304497
0.263332
0.221904
0.169411
0.138059
0.096771
0.053158
~
37.128807
30.821205
27.822552
0.794646
0.726267
0.334607
0.283992
0.241179
0.186423
0.138211
0.097521
0.054665
~
37.347657
28.990118
23.583631
0.77136
0.758347
0.330529
0.287045
0.237571
0.185202
0.13596
0.100796
0.05495
~
36.342604
29.959291
23.273778
0.829892
0.651056
0.326775
0.283343
0.239557
0.190572
0.133627
0.09793
0.056823
~
37.009339
31.723088
24.976124
0.726325
0.765629
0.324687
0.29126
0.241505
0.179443
0.130565
0.097595
0.05478
~
37.073278
28.703198
24.561626
0.814884
0.605663
0.325715
0.289082
0.243962
0.190524
0.134721
0.098397
0.055487
~
37.415437
31.032502
25.895606
0.742291
0.735394
0.322415
0.28511
0.241565
0.176565
0.123378
0.089875
0.054477
~
37.440324
29.019963
24.532193
0.84854
0.727455
0.326976
0.285036
0.246953
0.185841
0.136111
0.096591
0.054447
~
37.722987
28.475551
27.58865
0.798925
0.73219
0.277258
0.285299
0.243616
0.180292
0.135122
0.091885
0.050011
~
37.161618
29.48388
24.608818
0.718519
0.636756
0.324456
0.286935
0.253726
0.186344
0.133105
0.094183
0.05585
~
37.229549
28.26383
25.634283
0.81473
0.718138
0.333068
0.283918
0.217373
0.185072
0.132315
0.09775
0.059101
~
37.099505
31.599543
23.657636
0.852102
0.668717
0.304636
0.289323
0.239076
0.188322
0.131684
0.09931
0.056459
~
37.424704
31.928655
25.094571
0.740177
0.72124
0.324187
0.285552
0.241491
0.1839
0.132235
0.097778
0.053457
~
37.390374
29.635209
25.219204
0.770558
0.723025
0.326861
0.283114
0.242198
0.18872
0.129064
0.09432
0.054846
~
37.149853
31.686098
28.40574
0.813444
0.720002
0.332696
0.290583
0.239345
0.178568
0.131154
0.096172
0.056722
~
37.06871
27.757276
25.74757
0.779714
0.727969
0.289064
0.286588
0.238554
0.181914
0.135201
0.096821
0.054062
~
1.080164
0.844576
0.827044
0.616892
0.367785
0.347783
0.281114
0.23125
0.184549
0.135657
0.098454
0.05461
~
1.067339
0.825445
0.820496
0.651036
0.362865
0.351491
0.285495
0.231657
0.188414
0.136323
0.09748
0.053527
~
1.073644
0.828434
0.874691
0.602873
0.385007
0.353359
0.301214
0.233699
0.182848
0.129684
0.100603
0.054521
~
1.076808
0.839028
0.826161
0.613573
0.370077
0.354015
0.283238
0.232286
0.181528
0.132971
0.095933
0.054144
~
1.068475
0.826097
0.848941
0.598895
0.366351
0.353238
0.296046
0.224994
0.175527
0.133226
0.09701
0.056087
~
1.068772
0.84943
0.901723
0.584473
0.367936
0.329587
0.287159
0.232056
0.176534
0.133133
0.096949
0.053586
~
1.077205
0.819175
0.828803
0.600551
0.339985
0.336133
0.293785
0.230027
0.174106
0.131911
0.099145
0.052922
~
1.072553
0.82563
0.821515
0.656943
0.56105
0.324439
0.274361
0.212201
0.161555
0.121349
0.086648
0.046842
~
1.079561
0.845475
0.812363
0.601857
0.353849
0.323211
0.264355
0.212482
0.161396
0.121473
0.088661
0.046867
~
1.073563
0.821184
0.909511
0.616099
0.382769
0.341076
0.279848
0.229705
0.180857
0.135725
0.096762
0.055173
~
1.075231
0.830344
0.834744
0.629363
0.390929
0.349976
0.277732
0.229262
0.18112
0.132295
0.102014
0.054108
~
1.077422
0.852661
0.906641
0.630901
0.531897
0.350741
0.30066
0.227978
0.193205
0.152124
0.119346
0.056905
~
1.108101
0.877933
1.089257
0.6753
0.366605
0.355784
0.30431
0.229355
0.18779
0.138642
0.094081
0.052376
~
1.12417
0.871748
0.856906
0.677598
0.371459
0.339005
0.300279
0.236085
0.183706
0.133537
0.101181
0.054714
~
1.082051
0.843248
0.864306
0.611447
0.381077
0.350319
0.296278
0.226726
0.182622
0.129009
0.095257
0.053053
~
1.070542
0.846712
0.818577
~
1.077663
0.815031
0.804575
0.614327
0.363595
0.351656
0.299157
0.229153
0.173143
0.134902
0.100529
0.054704
~
1.063005
0.843359
0.829636
0.597403
0.3489
0.349982
0.295015
0.244652
0.181383
0.134498
0.108423
0.0603
~
1.066404
0.890787
0.839808
0.594085
0.523727
0.332138
0.299347
0.234739
0.185808
0.134414
0.09609
0.053909
~
1.071222
0.82764
1.781641
0.617682
0.67168
0.362232
0.325522
0.24628
0.192881
0.136916
0.103446
0.055869
~
1.081245
0.849917
0.817348
0.669726
0.381437
0.33566
0.302906
0.235514
0.181225
0.135736
0.097698
0.053872
~
1.080538
0.826495
0.934223
0.61568
0.371849
0.349859
0.29728
0.225558
0.18138
0.135193
0.093945
0.051403
~
1.081884
0.828251
0.89362
0.651704
0.575434
0.350102
0.282706
0.230765
0.183689
0.12966
0.09745
0.054232
~
1.063495
0.828587
0.826179
0.655736
0.373783
0.342623
0.296862
0.234322
0.178841
0.134003
0.100238
0.05256
~
1.075247
0.823825
1.106426
0.656182
0.38498
0.343209
0.301265
0.234467
0.176244
0.132431
0.096821
0.051343
~
1.073155
0.826603
0.826383
0.617907
0.667685
0.348564
0.28979
0.242197
0.184529
0.134376
0.098416
0.055153
~
1.075043
0.846594
1.038107
0.622779
0.534983
0.348232
0.299983
0.23055
0.186209
0.133943
0.09407
0.053615
~
1.077293
0.83203
0.81599
0.644699
0.578911
0.348189
0.298916
0.223496
0.176265
0.141817
0.105034
0.059108
~
1.089129
0.837372
1.15454
0.628691
0.570726
0.380966
0.33705
0.242493
0.177564
0.133747
0.099887
0.055202
~
1.079079
0.832139
0.860985
0.658576
0.374802
0.334146
0.283134
0.235226
0.184866
0.131414
0.097631
0.054418
~
33.813052
27.385427
25.436542
0.734914
0.725136
0.326969
0.283917
0.239635
0.184102
0.130233
0.095475
0.055874
~
33.995428
29.649771
23.642296
0.717129
0.712205
0.322989
0.283338
0.244215
0.183171
0.128816
0.09598
0.053142
~
34.087858
27.043763
25.17849
0.730845
0.770022
0.324683
0.285554
0.242526
0.185975
0.130678
0.09585
0.056265
~
34.111573
30.372167
24.566439
0.748797
0.71671
0.331033
0.280209
0.247117
0.183949
0.130987
0.099659
0.05533
~
34.025297
28.857817
25.517436
0.734566
0.723609
0.302188
0.27985
0.238521
0.18803
0.135277
0.092936
0.049047
~
33.947378
30.771764
23.679356
0.693448
0.591939
0.304183
0.266897
0.2468
0.187645
0.137338
0.097098
0.053028
~
33.777115
29.070327
24.784724
0.7428
0.722237
0.336848
0.286811
0.247367
0.184825
0.131868
0.096812
0.056871
~
34.221074
29.005511
29.257534
2.072285
0.724987
0.329245
0.284958
0.241106
0.18195
0.132125
0.098048
0.054916
~
33.984092
28.48502
22.361082
0.797666
0.640349
0.334795
0.296634
0.247532
0.185992
0.135171
0.103898
0.059226
~
33.865221
29.546079
25.466436
0.720234
0.628181
0.325934
0.28505
0.239396
0.183179
0.134164
0.088421
0.048722
~
32.987707
29.535574
24.622881
0.734736
0.600399
0.326464
0.283842
0.241052
0.180076
0.130618
0.096167
0.056059
~
34.012068
32.598646
22.770263
0.753735
0.620246
0.330058
0.284415
0.235435
0.181384
0.133316
0.099568
0.054662
~
34.031526
29.099053
23.920753
0.787852
0.71565
0.32612
0.279101
0.237761
0.186034
0.131066
0.095626
0.053088
~
34.05626
29.710421
22.929013
0.759
0.710796
0.328974
0.283839
0.236746
0.180433
0.129399
0.097414
0.057582
~
33.834813
29.044594
22.920661
0.737912
0.765531
0.326328
0.280145
0.239538
0.182122
0.134452
0.097895
0.057967
~
33.956749
28.039989
26.319477
0.754055
0.729073
0.325058
0.290268
0.239402
0.184563
0.138046
0.098958
0.057015
~
34.105207
29.018136
25.031558
0.737061
0.729908
0.327301
0.280121
0.244128
0.184674
0.134793
0.098042
0.056719
~
34.104627
29.74704
24.146278
0.791388
0.640135
0.32638
0.283873
0.238327
0.186532
0.133491
0.097044
0.053585
~
33.958522
30.62435
22.946908
0.729677
0.742453
0.329356
0.279895
0.238849
0.184456
0.132737
0.095494
0.053191
~
33.932918
27.56546
23.451679
0.726009
0.721216
0.327425
0.284869
0.233329
0.183956
0.131866
0.098403
0.054967
~
33.929597
30.300439
24.78981
0.729984
0.728038
0.326013
0.286278
0.241586
0.181274
0.132665
0.098359
0.055435
~
33.971227
28.662682
24.380297
0.713946
0.617749
0.333289
0.284213
0.238045
0.176997
0.132863
0.10089
0.056041
~
34.045087
27.791361
24.309234
0.821646
0.761426
0.327623
0.285115
0.239487
0.182138
0.12708
0.095874
0.053096
~
33.967476
29.307759
24.420366
0.731606
0.622598
0.324661
0.280465
0.240976
0.183304
0.129946
0.095428
0.053073
~
34.011783
30.030938
24.001292
0.74168
0.770645
0.319704
0.281596
0.240365
0.183621
0.132132
0.098623
0.054519
~
33.933518
28.771841
25.850023
0.75321
0.712053
0.313721
0.286042
0.239323
0.18258
0.127657
0.096757
0.055108
~
33.962985
35.180413
24.07433
0.747134
0.62342
0.327999
0.280334
0.241454
0.181594
0.130859
0.097699
0.054844
~
34.406266
30.331896
22.605449
~
33.887759
28.096841
23.004025
1.055141
0.666034
0.32255
0.289468
0.242919
0.182691
0.129663
0.095454
0.052445
~
33.962626
29.968143
22.50419
0.701395
0.728305
0.329145
0.278592
0.240078
0.18361
0.128686
0.095275
0.055159
~
32.40754
29.727843
22.718455
0.724274
0.616889
0.32554
0.27935
0.235124
0.18557
0.133265
0.09747
0.054964
~
32.382472
28.799306
31.375484
0.749117
0.729965
0.328333
0.26797
0.225873
0.172004
0.122995
0.090347
0.049756
~
32.398765
28.53224
25.888276
0.863345
0.600409
0.327535
0.284676
0.237561
0.181188
0.126831
0.098486
0.05341
~
32.492781
28.010098
23.294006
0.743241
0.756219
0.327669
0.282751
0.23464
0.184066
0.132182
0.096862
0.054351
~
32.511587
28.170471
23.422953
0.827633
0.710783
0.32984
0.284238
0.234106
0.183385
0.132058
0.100967
0.055034
~
32.520539
29.683159
21.764136
0.692409
0.662189
0.332957
0.287932
0.234482
0.172676
0.125065
0.089946
0.055671
~
32.541685
30.81137
23.698486
0.723844
0.600676
0.323013
0.28337
0.235788
0.179959
0.132591
0.097065
0.054515
~
32.292411
29.139235
27.394847
0.740238
0.710113
0.328698
0.283974
0.240852
0.183414
0.131891
0.096106
0.051594
~
32.373543
29.931523
29.264478
0.731801
0.728507
0.324195
0.284627
0.240523
0.188596
0.13327
0.097268
0.055056
~
32.568009
30.298642
22.888368
0.793314
0.635184
0.323124
0.281043
0.240432
0.18314
0.128339
0.095441
0.054115
~
32.486745
30.906397
23.986668
0.958167
0.661636
0.32538
0.284551
0.238899
0.181988
0.129385
0.092404
0.054367
~
32.414786
30.729602
23.171917
0.758094
0.719562
0.326999
0.278613
0.236819
0.184588
0.132475
0.096859
0.05382
~
32.363808
30.296721
22.876242
0.830267
0.633879
0.324094
0.285453
0.23427
0.185256
0.132818
0.094087
0.05304
~
32.388719
31.50026
24.721506
0.770233
0.634538
0.325995
0.277589
0.236256
0.184772
0.132069
0.09666
0.054284
~
32.424585
32.018395
23.550612
0.728037
0.615677
0.32235
0.287349
0.238239
0.183973
0.131161
0.094223
0.052299
~
32.414064
30.898452
24.59074
~
32.386428
28.678239
25.595937
0.844772
0.723707
0.325321
0.278763
0.239037
0.179168
0.132614
0.097145
0.054503
~
32.174947
27.590231
23.397906
0.729631
0.615915
0.326131
0.280607
0.235926
0.184064
0.129747
0.097949
0.05331
~
32.360364
28.578819
23.318461
0.821855
0.615493
0.32594
0.281928
0.239176
0.179778
0.133836
0.097237
0.053829
~
32.208541
30.23385
22.418648
0.726937
0.709547
0.323643
0.28084
0.239544
0.180353
0.129225
0.097677
0.054225
~
31.669928
33.385672
23.416763
0.725701
0.644306
0.329754
0.27932
0.236782
0.183206
0.13365
0.097542
0.054764
~
31.985451
28.506523
26.683807
0.874068
0.603245
0.321882
0.287181
0.236082
0.181611
0.133724
0.097184
0.055058
~
32.13473
27.841919
23.47983
0.750968
0.631659
0.325614
0.277551
0.236874
0.181186
0.13129
0.096667
0.054136
~
32.388477
28.597999
26.679081
0.719661
0.632486
0.322444
0.283967
0.237446
0.179119
0.131337
0.097204
0.054619
~
32.400302
27.92294
23.64689
0.723983
0.709037
0.331667
0.28792
0.240032
0.182544
0.127654
0.100077
0.055221
~
30.905216
26.772061
24.545992
0.684482
0.711331
0.304894
0.265117
0.222016
0.169298
0.121664
0.088814
0.05684
~
31.548355
29.336032
23.859767
0.729785
0.636616
0.322243
0.284679
0.237075
0.184552
0.136254
0.096079
0.052793
~
31.486306
28.040385
23.761651
0.685845
0.667842
0.305468
0.263312
0.227774
0.169065
0.127954
0.097572
0.054467
~
31.847838
30.090092
21.192508
0.709994
0.716948
0.326687
0.284252
0.234865
0.18039
0.13652
0.09934
0.054695
~
31.606171
28.43114
22.00949
0.681458
0.575749
0.335591
0.282712
0.234465
0.181142
0.132459
0.097354
0.054619
~
35.869866
29.415051
25.108981
0.716135
0.717045
0.320648
0.284213
0.238317
0.179601
0.13055
0.095796
0.054788
~
37.436889
29.043346
25.31223
0.761195
0.611948
0.325759
0.285712
0.238871
0.182886
0.126564
0.095214
0.055176
~
37.241141
31.280164
24.820033
0.82403
0.721786
0.327094
0.284325
0.23583
0.185205
0.131037
0.094806
0.055161
~
37.607279
34.029706
25.722481
0.814191
~
37.579983
33.635371
25.476867
0.822501
0.697888
0.315008
0.282018
0.236895
0.187296
0.133793
0.098248
0.055621
~
37.583722
31.072409
27.600289
0.769266
0.715384
0.306721
0.28027
0.240926
0.183328
0.137062
0.095903
0.051232
~
37.533507
32.876108
25.076591
0.829611
0.715997
0.320838
0.285868
0.244626
0.180043
0.132605
0.097247
0.05503
~
37.068396
33.298597
27.283244
0.821191
0.719756
0.321148
0.28064
0.240612
0.187438
0.129937
0.096129
0.053444
~
37.391378
33.496347
23.667104
0.964006
0.728365
0.319707
0.283648
0.239243
0.184815
0.132889
0.097575
0.054672
~
37.573795
32.849657
25.001841
0.798786
0.712437
0.325616
0.277282
0.239092
0.184132
0.132685
0.096482
0.053726
~
37.276194
30.376137
23.22717
0.78616
0.71481
0.328073
0.27789
0.238909
0.184437
0.131078
0.094818
0.053188
~
37.407552
31.420885
24.699045
0.749001
0.716827
0.322418
0.2832
0.242476
0.184538
0.132527
0.097455
0.051717
~
37.425385
30.395511
26.863381
0.799839
0.717886
0.313582
0.270198
0.230983
0.188707
0.132923
0.104622
0.064465
~
37.258743
32.77289
25.188899
1.027705
0.608085
0.327334
0.285071
0.242925
0.181391
0.133468
0.096205
0.05557
~
37.673248
33.201563
23.279048
0.79424
0.71609
0.314601
0.279404
0.239127
0.183325
0.129131
0.09807
0.054628
~
37.72557
32.496296
26.170512
0.809201
0.717636
0.33223
0.284746
0.235495
0.182354
0.132831
0.099503
0.05573
~
36.350743
32.039577
23.66343
0.798253
0.725743
0.325975
0.288195
0.23713
0.182002
0.136156
0.10593
0.055997
~
37.299349
30.967249
26.325259
0.827369
0.703624
0.331976
0.284927
0.241206
0.188248
0.135603
0.101548
0.058637
~
37.748042
31.153021
24.124887
1.051774
0.78792
0.339816
0.287531
0.249678
0.186759
0.140561
0.10019
0.05801
~
38.673364
31.461099
24.986625
0.848237
0.749879
0.335215
0.278354
0.255598
0.193186
0.13852
0.098699
0.057097
~
38.857056
34.381197
25.090699
0.846923
0.743657
0.34411
0.295101
0.248125
0.194548
0.139151
0.097968
0.060343
~
37.685306
32.228018
26.020024
0.839702
0.713864
0.287854
0.27826
0.236114
0.185237
0.132893
0.097281
0.0521
~
37.461001
29.177228
25.318512
0.796377
0.753436
0.342135
0.31924
0.245264
0.177859
0.12703
0.099639
0.059395
~
37.808036
29.971678
26.956108
0.805268
0.702712
0.325948
0.280153
0.236064
0.180543
0.130002
0.094532
0.052778
~
37.457564
31.925554
23.799629
0.802447
0.638965
0.326085
0.278066
0.23834
0.179036
0.132726
0.097002
0.054281
~
37.49414
32.249372
25.557538
0.783316
0.601718
0.321488
0.28477
0.238118
0.177954
0.129669
0.097205
0.054643
~
37.428523
33.967307
25.255297
0.781388
0.714031
0.320669
0.284582
0.238406
0.180472
0.12878
0.094509
0.055
~
37.385289
32.263055
25.764771
0.73222
0.715179
0.325512
0.279866
0.239464
0.179408
0.130108
0.097559
0.054734
~
37.396017
30.979729
23.116137
0.883589
0.722481
0.323528
0.280731
0.249698
0.179975
0.132734
0.094673
0.054452
~
37.502604
32.29624
24.317081
0.819165
0.714383
0.324186
0.284301
0.235463
0.179891
0.132527
0.096745
0.054453
~
40.88073
33.176767
81.388823
~
40.742975
28.258582
74.47624
~
40.823198
29.019928
76.400746
~
40.760524
31.418649
81.810042
~
40.548581
31.099153
80.79686
~
41.206127
31.757015
78.710183
~
40.80974
30.177274
80.370585
~
41.293116
90.978269
~
40.862945
28.251381
25.460109
0.739063
0.732507
0.325829
0.28728
0.24531
0.18288
0.132065
0.099088
0.056911
~
41.052002
31.935887
71.142599
~
39.171179
27.065946
23.789636
0.767853
0.671896
0.308023
0.266523
0.224297
0.1711
0.122681
0.089599
0.049818
~
38.745555
33.225668
76.887741
~
38.807854
28.546447
70.989648
~
38.661796
28.498364
76.327207
~
38.670148
28.544368
79.548508
57.729897
~
39.324923
24.975879
79.497189
~
38.684549
25.745889
76.938035
~
38.70332
25.299464
22.563214
65.500965
~
38.789524
29.271475
71.870099
~
38.776408
26.208342
65.846454
~
38.805187
31.417416
71.837728
~
38.754148
32.333741
91.043232
~
38.781931
26.734545
74.695921
~
38.802529
90.017285
~
38.749463
36.661339
76.95382
~
38.769928
29.513447
119.772694
~
38.720999
28.349778
78.575717
~
39.218892
28.388938
71.70215
~
39.541567
31.962468
~
39.134219
27.551542
76.388516
~
100.749713
~
96.523712
~
105.309911
~
100.571359
~
102.190276
~
104.19907
~
103.227398
~
98.058882
~
99.305147
~
103.34759
~
100.930142
~
99.140812
~
102.493314
~
103.30103
~
104.626743
~
101.004316
~
98.368121
~
100.801044
~
101.470666
~
102.783039
~
101.93236
~
98.610899
~
94.351888
~
97.810346
~
101.533853
~
98.576386
~
103.457857
~
103.183816
~
102.035063
~
96.487509
~
32.593266
29.175824
25.077387
0.685279
0.669006
0.30505
0.266307
0.22987
0.178912
0.159534
0.137411
0.082536
~
33.000674
29.664428
22.853263
1.340284
0.644998
0.3333
0.300942
0.245793
0.195728
0.123837
0.090638
0.056547
~
33.445333
29.444269
24.082182
0.762419
0.672939
0.306952
0.265321
0.222821
0.17148
0.124365
0.089156
0.051838
~
33.195426
27.73116
23.89358
0.773406
0.692295
0.322848
0.274059
0.237504
0.1761
0.125482
0.089484
0.04899
~
35.069637
33.482449
23.412941
0.724219
0.682183
0.313028
0.270291
0.226504
0.173613
0.124318
0.091038
0.050663
~
33.238606
31.613362
22.606232
0.75826
0.709231
0.310566
0.291648
0.248304
0.188074
0.142593
0.096001
0.055217
~
34.373205
30.546923
23.493227
0.756907
0.644072
0.322523
0.281131
0.237929
0.192379
0.142072
0.09977
0.050987
~
33.322928
27.571688
22.583662
0.791397
0.682449
0.304553
0.264119
0.222039
0.170167
0.121524
0.088584
0.049814
~
32.639333
32.427824
23.056784
0.713395
0.668719
0.305032
0.26379
0.222116
0.16931
0.121837
0.089203
0.049649
~
32.547433
29.932237
21.823677
0.690237
0.608025
0.304692
0.263906
0.222289
0.169747
0.122434
0.089744
0.050178
~
32.53636
27.618556
27.536954
0.688978
0.70877
0.305941
0.264696
0.222469
0.170002
0.122365
0.089509
0.04997
~
32.967941
28.706668
22.857018
0.68026
0.668648
0.305369
0.263337
0.223548
0.169282
0.121998
0.089382
0.049716
~
32.615704
31.006874
25.287615
0.6921
0.667845
0.304681
0.263243
0.221752
0.169073
0.121554
0.088784
0.049285
~
32.510321
29.022957
22.068449
0.77278
0.669465
0.305256
0.264119
0.22187
0.169639
0.121904
0.089116
0.049553
~
32.493995
26.908109
21.608471
0.707223
0.668713
0.304853
0.263784
0.222155
0.169636
0.122428
0.089918
0.049655
~
32.616229
30.972612
23.624018
1.708252
0.66915
0.305366
0.263987
0.221861
0.169509
0.121968
0.091081
0.049754
~
32.615314
29.64793
24.055736
0.655789
0.5935
0.305062
0.26397
0.222056
0.169353
0.121967
0.089053
0.04961
~
32.595032
27.407285
22.24729
0.703682
0.608543
0.305041
0.263836
0.222378
0.169563
0.121926
0.089233
0.049637
~
32.630278
29.893547
20.857098
0.687839
0.669439
0.305392
0.264274
0.221954
0.169818
0.122315
0.089313
0.049737
~
32.6681
28.915677
22.483033
0.724161
0.684381
0.305346
0.26417
0.222406
0.169755
0.122101
0.08935
0.049826
~
32.534744
28.759777
21.564187
0.727448
0.698328
0.305204
0.264103
0.221953
0.169523
0.121933
0.089254
0.049664
~
32.448133
27.791784
23.11092
0.757201
0.669349
0.305272
0.264194
0.222427
0.169848
0.122264
0.089528
0.049902
~
32.634359
28.24893
21.581856
0.723839
0.698172
0.305067
0.263979
0.222146
0.169712
0.122089
0.089445
0.049947
~
32.521261
29.635516
22.531049
0.76499
0.669482
0.305144
0.264054
0.22215
0.169675
0.122001
0.089123
0.049599
~
32.453516
31.9374
21.62864
0.688919
0.564895
0.305295
0.264469
0.222711
0.170128
0.122517
0.089695
0.049981
~
32.55865
29.130086
23.122822
0.689456
0.697606
0.304429
0.263119
0.22155
0.168942
0.121341
0.088797
0.049196
~
32.609952
29.1154
22.135723
0.693697
0.68892
0.307146
0.265796
0.224065
0.171308
0.12384
0.091058
0.051621
~
32.658375
30.15391
24.804403
0.773578
0.697378
0.304804
0.26334
0.221851
0.169031
0.121465
0.088723
0.049195
~
32.773035
31.194964
23.779654
0.679838
0.633283
0.305921
0.265483
0.221937
0.169598
0.121733
0.08912
0.05205
~
33.405024
29.199496
24.341628
0.744625
0.747675
0.306574
0.265352
0.226284
0.170451
0.123079
0.089894
0.050204
~
1.420823
1.371509
22.953403
0.789776
0.641313
0.305916
0.26462
0.223473
0.169908
0.122549
0.091636
0.050494
~
1.422245
32.833696
22.879831
0.69332
0.748679
0.308744
0.264491
0.225286
0.172522
0.12224
0.089289
0.049951
~
1.423756
0.966638
1.083153
~
1.422438
1.317473
1.085073
0.595793
0.359787
0.314394
0.267619
0.221725
0.172535
0.122212
0.08744
0.047714
~
1.424901
1.274873
1.149761
0.595237
0.374385
0.313391
0.265642
0.213654
0.170681
0.124363
0.089554
0.047611
~
1.425019
1.221319
0.786216
~
1.421334
0.944335
0.797562
0.594189
0.538498
0.315046
0.265716
0.215383
0.170645
0.122817
0.090597
0.051361
~
1.420796
0.949557
0.88081
~
1.427146
0.98977
0.788138
0.609816
0.519337
0.314875
0.279005
0.214456
0.17012
0.122477
0.090983
0.048993
~
1.418691
1.32853
0.794622
~
1.418856
1.585609
0.864777
0.592539
0.458904
0.315178
0.265314
0.215966
0.17044
0.122445
0.089449
0.047846
~
1.43356
1.291779
1.016471
0.591701
0.523782
0.312474
0.265249
0.217455
0.173376
0.122612
0.088232
0.047647
~
1.423636
1.621781
1.083639
~
1.423297
0.986807
0.784371
~
1.424717
0.948839
0.862159
0.577131
0.652517
0.326094
0.276455
0.213868
0.172404
0.123085
0.087365
0.047583
~
1.42433
1.479843
0.866287
0.583475
0.350653
0.314683
0.265599
0.214192
0.164792
0.122586
0.087545
0.051977
~
1.423831
1.222767
1.253251
0.577254
0.518731
0.312961
0.266499
0.216001
0.170283
0.123974
0.089853
0.047666
~
1.421467
0.988657
0.752777
0.576066
0.512308
0.315583
0.269702
0.217136
0.172206
0.123695
0.089951
0.049839
~
1.416148
34.299928
21.39007
0.665663
0.591847
0.306542
0.268118
0.223631
0.170604
0.123662
0.091929
0.050056
~
1.417889
1.212922
1.006731
0.714833
0.541897
0.335552
0.266498
0.21392
0.173867
0.124034
0.089805
0.048926
~
1.422786
0.991719
0.785799
0.592601
0.521604
0.312411
0.27786
0.217341
0.170582
0.122586
0.088073
0.04922
~
1.42202
0.977462
0.8859
0.582108
0.520966
0.313978
0.265882
0.214618
0.173084
0.122775
0.089751
0.050321
~
1.422953
0.971458
21.298831
0.869994
0.570627
0.306219
0.266609
0.223566
0.172063
0.12341
0.089709
0.050278
~
1.425116
31.245521
21.928442
0.764847
0.71144
0.316038
0.269108
0.225251
0.170992
0.122557
0.089716
0.052631
~
1.425454
31.874522
24.676774
0.708313
1.474725
0.307315
0.265199
0.226259
0.170952
0.123148
0.08978
0.050095
~
1.422749
0.965297
1.452178
0.597071
0.32999
0.312525
0.266049
0.214215
0.170379
0.124453
0.089664
0.05005
~
1.422066
27.921258
21.62061
0.696444
0.697064
0.306828
0.26802
0.225191
0.170002
0.122953
0.094158
0.050367
~
1.426106
1.284203
0.787866
0.596745
0.517392
0.312682
0.280345
0.213824
0.170336
0.125035
0.08804
0.050235
~
1.422364
0.952176
0.888339
~
1.429704
0.964726
1.025893
0.58022
0.557478
0.328646
0.265565
0.215555
0.170459
0.123673
0.088326
0.048102
~
35.794289
27.878547
22.26818
0.7491
0.603053
0.306951
0.269654
0.226224
0.170339
0.124656
0.09186
0.051113
~
35.836165
27.495252
24.240214
0.859187
0.672605
0.307329
0.275011
0.225294
0.173324
0.123683
0.091937
0.051254
~
35.811207
29.506153
21.995046
1.11681
0.676879
0.309064
0.265549
0.224236
0.173415
0.123001
0.089808
0.050134
~
35.852324
27.558767
22.188096
0.929121
0.68148
0.28479
0.265431
0.225612
0.172583
0.122771
0.089739
0.050368
~
35.838469
28.06749
21.70883
0.842394
0.677143
0.310115
0.266225
0.227649
0.172194
0.123018
0.089969
0.05134
~
35.852249
27.424305
22.505802
0.764291
0.780685
0.307669
0.266565
0.226028
0.170613
0.122871
0.092396
0.050941
~
35.803549
27.835236
23.507339
0.942745
0.684255
0.307797
0.26599
0.223019
0.171077
0.125547
0.093555
0.051191
~
35.968469
31.132216
21.63065
1.508017
0.676119
0.308268
0.264486
0.226969
0.170763
0.124866
0.089834
0.051332
~
35.773918
26.741982
21.869111
0.779689
0.674734
0.308564
0.264917
0.225678
0.170506
0.125766
0.089731
0.050155
~
35.999946
28.930127
21.885801
0.811738
0.674654
0.305907
0.265757
0.223153
0.169997
0.125084
0.089933
0.050019
~
35.817368
27.908913
22.350242
0.860287
0.678992
0.306525
0.266475
0.223754
0.17048
0.124315
0.091288
0.050906
~
35.786072
26.718009
25.559342
0.721702
~
35.77375
26.589846
23.014661
0.78557
~
36.187206
28.308586
21.292695
0.777072
0.675907
0.306289
0.266226
0.224931
0.170257
0.122106
0.091779
0.051063
~
35.811924
46.179822
23.138545
1.272897
0.674941
0.307947
0.265327
0.224178
0.171775
0.125098
0.091471
0.052294
~
35.815753
28.786351
21.40365
64.601945
~
35.808385
27.749552
25.14219
0.808935
0.676786
0.307938
0.265499
0.223453
0.17113
0.122383
0.089924
0.050111
~
35.927449
26.921485
22.107606
0.948848
0.682013
0.309279
0.264483
0.225847
0.172139
0.124162
0.089615
0.050084
~
35.75864
28.136797
22.379388
0.85147
0.674781
0.309459
0.264896
0.226781
0.172513
0.122723
0.089608
0.04986
~
35.826614
27.301808
20.779349
0.833098
0.682238
0.306152
0.266408
0.222941
0.175449
0.125009
0.089921
0.050006
~
35.809175
28.845876
23.115137
0.849646
0.683517
0.282371
0.26782
0.224445
0.180704
0.124766
0.090954
0.050008
~
35.841316
27.314718
22.783077
0.886393
0.675795
0.308789
0.26857
0.22893
0.170664
0.122759
0.09173
0.050456
~
35.795825
93.089964
22.447925
0.99838
0.683308
0.274091
0.265655
0.224298
0.17191
0.122472
0.089773
0.050009
~
35.854698
28.216953
25.109324
0.929249
0.678131
0.285184
0.264634
0.226826
0.172245
0.122459
0.089764
0.051322
~
35.868822
27.035671
24.405075
1.388497
0.669534
0.305555
0.265241
0.223403
0.169929
0.122453
0.091619
0.050234
~
35.862107
28.837861
24.788133
1.149036
0.585258
0.308706
0.265337
0.224592
0.169847
0.122096
0.090251
0.050779
~
35.821913
27.593992
24.182814
0.900081
0.681308
0.307451
0.265937
0.225958
0.18758
0.121984
0.091359
0.051627
~
35.922454
32.394975
23.389872
1.028449
0.685213
0.306969
0.266402
0.22695
0.170189
0.122384
0.089563
0.050538
~
37.082252
28.72675
23.494234
1.343066
~
37.454795
31.198474
20.856586
0.772931
0.684993
0.275031
0.269528
0.227795
0.172744
0.121784
0.09092
0.051889
~
40.419827
27.724006
24.282701
0.836461
0.580483
0.306043
0.264359
0.222514
0.172037
0.122168
0.089532
0.049561
~
40.647323
28.66492
24.644944
0.759376
0.766562
0.306846
0.265805
0.222892
0.170074
0.122321
0.092208
0.052972
~
39.879141
28.838066
22.001155
0.708642
0.579672
0.307009
0.266095
0.22327
0.170788
0.123695
0.089512
0.049466
~
39.918523
27.645378
22.266065
0.707199
0.671343
0.305458
0.266675
0.222911
0.174797
0.122389
0.09053
0.049956
~
39.907866
29.426474
23.962801
0.724182
0.669323
0.305527
0.263918
0.226123
0.170351
0.121964
0.089412
0.049757
~
39.956201
29.051274
24.528573
0.728858
0.674687
0.307196
0.264199
0.222665
0.169643
0.121826
0.089638
0.049847
~
39.88866
27.857998
24.50889
1.474969
0.580034
0.305693
0.264119
0.223207
0.169669
0.122074
0.089785
0.05001
~
39.866377
28.348683
25.403266
0.889595
0.674819
0.293007
0.265809
0.222684
0.169823
0.12406
0.090288
0.050771
~
39.918932
26.269428
22.744006
0.777254
0.597641
0.309525
0.267166
0.223429
0.170517
0.122429
0.089389
0.049757
~
40.103186
26.881649
21.943746
0.745703
0.681507
0.305321
0.264479
0.222754
0.17038
0.123425
0.089751
0.04981
~
39.978581
27.83174
21.645469
0.697654
0.567906
0.308071
0.265763
0.224011
0.170007
0.122416
0.089405
0.050079
~
39.965736
27.467279
24.021197
0.711393
0.672587
0.308525
0.264461
0.224217
0.169651
0.122943
0.091467
0.050426
~
40.231996
26.154455
21.427113
0.693843
0.66947
0.305534
0.265692
0.225348
0.170016
0.122195
0.089482
0.050771
~
40.316989
25.93598
24.959534
0.726982
0.682789
0.306358
0.266404
0.223664
0.171725
0.122331
0.089355
0.049812
~
40.041307
26.815213
23.459924
0.663402
0.669962
0.306673
0.264722
0.20588
0.169947
0.122217
0.091424
0.050884
~
40.258415
27.056436
22.762296
0.887524
0.671776
0.308085
0.268736
0.227225
0.171528
0.124445
0.09195
0.049901
~
40.09917
33.452191
21.560605
0.740116
0.686846
0.293105
0.267225
0.222921
0.172051
0.123663
0.090201
0.049825
~
39.919527
26.219647
23.26956
0.868482
0.596943
0.307823
0.264814
0.223958
0.170881
0.122316
0.089595
0.051581
~
40.174085
27.687716
28.036274
0.786182
0.715616
0.305303
0.264265
0.22288
0.171717
0.122947
0.090127
0.05049
~
40.136057
29.183506
23.430561
0.74612
0.680448
0.305386
0.265948
0.223668
0.17015
0.12385
0.089569
0.049877
~
39.918783
26.512252
22.471236
0.747376
0.636969
0.306405
0.264252
0.222611
0.170283
0.122286
0.089652
0.049873
~
40.275473
28.215097
23.945748
0.747854
0.677283
0.311133
0.266612
0.224472
0.171386
0.123426
0.090719
0.049529
~
39.984028
27.716595
23.98791
0.690625
0.578941
0.304993
0.264028
0.222159
0.169683
0.121996
0.095445
0.049585
~
41.49391
28.714778
24.016664
0.751221
0.677683
0.309089
0.265418
0.227461
0.170562
0.124549
0.091762
0.050576
~
40.027209
27.721176
25.518525
0.729817
0.68148
0.30651
0.26782
0.235406
0.17193
0.122751
0.089712
0.050098
~
40.082244
27.554507
23.554029
0.723153
0.607421
0.332698
0.281633
0.225911
0.168604
0.132152
0.094267
0.053992
~
41.579269
29.063639
21.955193
0.766227
0.686278
0.30986
0.268998
0.223017
0.170306
0.122218
0.089956
0.04947
~
41.976173
27.628509
23.230852
0.695575
0.586865
0.307662
0.26373
0.22231
0.169632
0.122158
0.089242
0.049614
~
39.575231
26.723419
25.221401
0.709976
0.59189
0.304538
0.263435
0.222199
0.169442
0.121767
0.088995
0.049526
~
39.769179
27.720885
23.791243
0.770957
0.66926
0.280907
0.264164
0.222316
0.169963
0.122253
0.089266
0.049806
~
52.374198
29.705542
24.361996
19.083947
0.50253
0.50505
0.263684
0.221917
0.17685
0.124563
0.089231
0.049633
~
52.369181
27.249634
23.460411
18.166129
0.513398
0.466059
0.264072
0.221996
0.177003
0.124758
0.089267
0.049901
~
52.592671
29.343528
27.285684
~
52.552218
26.565962
26.917708
15.973129
0.518919
0.607774
0.263492
0.221702
0.176549
0.124399
0.089121
0.049533
~
52.745835
26.09674
23.546651
18.274216
0.533658
0.465001
0.263785
0.221985
0.176439
0.124372
0.089068
0.049557
~
53.571716
27.971822
23.316107
18.069523
0.525917
0.582262
0.263784
0.222222
0.176811
0.12453
0.089222
0.049768
~
52.480937
29.710207
26.83465
17.331141
0.595314
0.464619
0.252691
0.221783
0.176479
0.12426
0.088994
0.049483
~
52.354182
26.187571
24.668187
16.709238
0.573727
0.737652
0.263682
0.222115
0.176788
0.124798
0.089355
0.049971
~
52.518232
26.653814
22.326814
18.000448
0.588696
0.465877
0.264484
0.22211
0.177486
0.124954
0.089411
0.049886
~
52.45713
28.506907
25.397228
17.214735
0.516074
0.464836
0.263822
0.222446
0.177054
0.124562
0.089123
0.049693
~
52.491561
29.980055
26.968257
17.247927
0.501918
0.464846
0.263614
0.221755
0.176697
0.124545
0.088992
0.049666
~
52.567843
28.426955
24.522426
18.053979
0.505571
0.504914
0.263743
0.222082
0.178664
0.125243
0.089877
0.050162
~
52.30039
28.466523
24.374303
19.159663
0.502084
0.465482
0.263779
0.22196
0.176842
0.128699
0.089903
0.050033
~
52.438323
26.452128
24.099569
17.185503
0.503296
0.505545
0.263953
0.222033
0.177178
0.124728
0.089376
0.049952
~
52.544005
28.689059
22.686226
17.600651
0.555039
0.68657
0.263859
0.221902
0.177619
0.12528
0.089419
0.04977
~
52.488351
26.058486
23.450431
17.157059
0.533756
0.687907
0.263807
0.221991
0.176791
0.124592
0.088988
0.049526
~
52.64053
31.904199
23.970229
16.729491
0.527216
0.595284
0.263784
0.222371
0.177087
0.124746
0.089435
0.049804
~
52.422944
25.115225
24.892101
16.645648
0.526574
0.426424
0.263862
0.222382
0.176709
0.124583
0.089257
0.049695
~
52.54638
28.130376
23.98583
17.678769
0.527522
0.583835
0.264219
0.222178
0.17774
0.124908
0.089468
0.049968
~
52.563248
26.879374
22.523072
17.376758
0.5173
0.478055
0.263891
0.222499
0.177322
0.125373
0.08999
0.050473
~
52.640209
27.289825
23.782144
17.02845
0.591076
0.478644
0.263972
0.222264
0.176945
0.124524
0.089241
0.04975
~
52.688044
26.338694
21.912696
17.470927
0.531055
0.645485
0.263838
0.230963
0.177033
0.124837
0.089149
0.049606
~
52.540617
27.881939
24.914054
18.990976
0.497493
0.466007
0.26417
0.222312
0.177345
0.124907
0.089331
0.049826
~
52.353156
27.618676
27.265561
17.427261
0.501685
0.465047
0.23217
0.221992
0.177613
0.124756
0.089174
0.04972
~
52.549472
25.653249
28.694581
~
52.548574
28.080308
23.203634
17.159483
0.515522
0.477378
0.263532
0.222334
0.176734
0.127177
0.088822
0.049422
~
52.59116
29.183697
24.95277
16.594628
0.514648
0.583489
0.264093
0.222569
0.177421
0.125491
0.0901
0.050701
~
52.477901
25.620824
26.09044
16.263922
0.57399
0.466219
0.264311
0.222507
0.177238
0.124976
0.089542
0.050088
~
52.529725
27.368886
24.219501
17.296094
0.503268
0.609716
0.26424
0.222376
0.184779
0.124952
0.089475
0.050072
~
52.463194
28.781046
25.323291
17.151894
0.531081
0.505168
0.253382
0.222315
0.177671
0.125012
0.091618
0.049679
~
