35.930387
32.403747
25.436916
0.705216
0.467512
0.529825
0.432847
0.375981
0.292501
0.197152
0.136675
0.06729
~
35.389574
33.854953
24.773929
1.074683
0.46403
0.50625
0.436891
0.48766
0.31077
0.195368
0.137533
0.074363
~
35.383536
34.270448
24.102581
0.693009
0.544682
0.504574
0.428615
0.492604
0.31087
0.199977
0.137513
0.065058
~
35.435614
36.328064
24.771171
0.684899
0.482452
0.507226
0.48699
0.405028
0.328452
0.217891
0.147914
0.073507
~
35.458332
37.461317
27.233443
0.713932
0.658823
0.520175
0.427814
0.382127
0.295037
0.198731
0.138382
0.072152
~
35.40258
38.34021
25.520128
0.71027
0.513089
0.527635
0.428305
0.589483
0.314652
0.201099
0.13772
0.067673
~
35.423496
33.897794
26.555145
1.125312
0.479968
0.504545
0.432961
0.34096
0.332179
0.198415
0.129306
0.068203
~
35.405097
35.010437
24.639068
0.700106
0.464805
0.517946
0.437292
0.384625
0.30368
0.195396
0.137407
0.064156
~
35.407141
34.641415
26.814646
1.311736
0.466151
0.50211
0.420061
0.473214
0.310961
0.194884
0.136488
0.068652
~
35.37937
31.182545
25.314362
1.343308
0.517671
0.507853
0.448484
0.34723
0.306067
0.200532
0.129226
0.07384
~
35.707467
37.884403
24.305291
0.714635
0.513906
0.533888
0.442215
0.342691
0.312904
0.201483
0.137904
0.070756
~
35.483867
35.969795
24.735738
0.79958
0.472923
0.535315
0.436533
0.36995
0.301919
0.195585
0.138088
0.068283
~
35.923566
31.385237
26.431482
0.710739
0.511185
0.513867
0.417493
0.35006
0.321963
0.197916
0.137257
0.079254
~
36.10665
30.217656
24.750897
0.701009
0.536307
0.505628
0.430966
0.341609
0.311425
0.199515
0.136471
0.063043
~
35.415613
32.615311
25.187356
0.698642
0.471916
0.528777
0.429602
0.337543
0.304886
0.195167
0.136769
0.063794
~
35.590906
28.963592
24.228772
1.596537
0.476844
0.501664
0.441636
0.341172
0.30422
0.19954
0.139544
0.069766
~
35.891125
32.811389
24.873071
1.077294
0.485833
0.501839
0.458024
0.33126
0.318502
0.197764
0.128394
0.076071
~
35.564786
36.891624
25.245171
0.707104
0.53228
0.523409
0.442762
0.382406
0.314662
0.200386
0.13811
0.060716
~
35.475497
33.005543
29.762666
0.804673
0.479923
0.504389
0.41413
0.331504
0.318024
0.198621
0.137653
0.075045
~
35.629173
34.329659
26.668454
1.017752
0.47553
0.510045
0.432642
0.495001
0.269288
0.208533
0.139536
0.068557
~
35.697069
34.120917
24.533219
1.387096
0.61668
0.539984
0.441128
0.351509
0.333009
0.240269
0.147851
0.072641
~
36.273543
30.179603
25.694773
0.703529
0.500573
0.534891
0.426843
0.333728
0.30432
0.19717
0.131559
0.070883
~
35.45144
31.085684
24.338219
0.709337
0.667614
0.499402
0.426837
0.378971
0.310923
0.200617
0.138067
0.068946
~
35.392474
27.881806
26.048796
0.929184
0.488116
0.528652
0.442334
0.483801
0.312015
0.196901
0.137051
0.063909
~
35.435081
33.435707
25.361881
0.705573
0.493786
0.535209
0.432032
0.377169
0.294784
0.195841
0.160728
0.077219
~
35.592354
32.513925
24.779463
0.705756
0.534253
0.500998
0.450333
0.488079
0.305357
0.208857
0.138216
0.08804
~
36.542018
36.290295
26.005615
1.205545
0.635778
0.518028
0.45224
0.335052
0.308791
0.201047
0.139647
0.07265
~
35.57939
29.518042
24.27975
0.703709
0.522401
0.521201
0.43313
0.396463
0.315118
0.198995
0.137442
0.072637
~
35.780283
30.84263
25.687397
0.906486
0.485066
0.52605
0.444098
0.342114
0.316147
0.212152
0.128704
0.069967
~
35.613572
36.571329
24.137109
0.700225
0.50372
0.499826
0.443117
0.434552
0.304752
0.198082
0.137461
0.07022
~
101.785927
~
101.254783
~
104.31345
~
102.416419
~
104.593072
~
101.355689
~
99.197568
~
97.921874
~
99.419402
~
100.84153
~
100.909542
~
98.779645
~
102.921656
~
99.677622
~
100.600093
~
102.285295
~
100.633208
~
102.670037
~
102.675032
~
100.655132
~
97.310385
~
99.547482
~
99.874789
~
98.798639
~
101.184125
~
99.76912
~
98.208997
~
98.90101
~
103.525189
~
99.547845
~
33.639032
1.175631
0.971667
0.557685
0.600962
0.525897
0.418292
0.31997
0.307368
0.19265
0.129064
0.071787
~
33.582972
1.210327
1.163541
0.523867
0.588095
0.523583
0.412331
0.319509
0.29767
0.209628
0.129267
0.064706
~
33.655389
1.253312
1.214215
0.517973
0.567209
0.529758
0.40793
0.319907
0.306811
0.205679
0.128806
0.069146
~
33.513586
1.199699
1.714407
0.553117
0.645065
0.529701
0.439549
0.319747
0.367599
0.198015
0.128855
0.064694
~
33.833555
1.129579
1.571086
0.570167
0.601902
0.524094
0.419721
0.320222
0.361319
0.207365
0.133009
0.078974
~
33.743366
1.361051
1.573253
0.716546
0.628904
0.512328
0.413113
0.319513
0.297373
0.198386
0.129113
0.071307
~
33.445797
1.056973
1.290263
0.596963
0.586983
0.523646
0.418345
0.31999
0.305526
0.215733
0.12916
0.069292
~
33.609931
1.036874
0.968415
0.760303
0.634957
0.53514
0.417953
0.319464
0.335667
0.198269
0.129215
0.069311
~
33.675599
1.141479
1.386653
0.544016
0.565875
0.529612
0.424386
0.321777
0.317109
0.192336
0.128885
0.069181
~
33.474567
1.035017
0.963321
0.516535
0.558785
0.52286
0.417941
0.310966
0.307147
0.19283
0.128823
0.071619
~
33.408696
1.519389
0.935666
0.750897
0.558679
0.528954
0.423448
0.319917
0.307212
0.198363
0.129025
0.06703
~
33.417473
1.076666
1.560641
0.788044
0.600622
0.522893
0.488053
0.328913
0.306911
0.198246
0.128893
0.07149
~
33.652875
1.565644
1.056571
0.561099
0.593013
0.529132
0.42516
0.320529
0.307826
0.202148
0.130538
0.068557
~
33.569513
1.583024
1.17907
0.520883
0.559529
0.529567
0.412602
0.320119
0.328236
0.200213
0.129764
0.068772
~
33.522129
1.180785
1.535604
0.610425
0.571377
0.522702
0.417876
0.328848
0.312936
0.221265
0.129275
0.071768
~
33.487192
1.112783
1.168784
0.748456
0.553189
0.529865
0.423592
0.319842
0.276801
0.198834
0.129638
0.067642
~
33.678131
1.324138
1.320857
0.567582
0.601591
0.523686
0.413572
0.320213
0.386124
0.199075
0.129685
0.068747
~
33.496533
1.481803
1.077044
0.663536
0.566302
0.529393
0.489525
0.338235
0.307573
0.19857
0.129223
0.06734
~
33.496543
1.097664
1.071805
0.553209
0.60056
0.529013
0.422571
0.320228
0.298362
0.198787
0.129373
0.064968
~
33.663842
1.309435
0.956051
0.534798
0.558774
0.530459
0.424522
0.321581
0.292786
0.220175
0.129663
0.070132
~
33.541321
1.302727
1.037311
0.614565
0.59009
0.534892
0.424461
0.320565
0.307528
0.198245
0.128922
0.07176
~
33.387379
1.183787
1.231108
0.84017
0.63675
0.523119
0.41758
0.319423
0.343605
0.233943
0.12898
0.07074
~
33.536182
1.053764
0.723078
0.566036
0.600711
0.529473
0.417773
0.319631
0.307129
0.197979
0.12886
0.07059
~
33.431741
1.061136
1.160682
0.557142
0.557716
0.530071
0.41866
0.319341
0.35119
0.280882
0.129196
0.067975
~
33.407267
1.440302
1.001715
0.539137
0.585618
0.523973
0.418656
0.319677
0.335557
0.198249
0.129189
0.069147
~
33.398518
1.309817
1.022176
0.629977
0.586137
0.529384
0.42228
0.320058
0.34351
0.227863
0.124823
0.068921
~
33.621134
1.130749
1.253738
0.560433
0.580158
0.529313
0.523731
0.347456
0.307969
0.215312
0.129136
0.067287
~
33.796404
1.011535
1.285827
0.738795
0.629628
0.530966
0.437095
0.320223
0.44331
0.210434
0.13211
0.072297
~
33.52859
1.550478
1.207293
0.569755
0.56671
0.531136
0.423007
0.32508
0.304411
0.204855
0.133525
0.07299
~
33.614008
1.478927
1.153358
0.55222
0.559159
0.529279
0.413155
0.320388
0.363679
0.216354
0.129534
0.067305
~
35.334874
29.341111
26.022189
0.698838
0.499783
0.517496
0.420787
0.33096
0.311788
0.198096
0.129148
0.070307
~
35.223132
29.768919
25.502359
0.683014
0.49664
0.528579
0.4311
0.405539
0.301303
0.195463
0.141146
0.063233
~
35.225382
28.247182
23.608089
0.682492
0.520127
0.515761
0.453621
0.339664
0.294182
0.2441
0.129148
0.070282
~
35.467152
30.387201
25.274762
0.706249
0.5263
0.528835
0.431303
0.376748
0.303377
0.195122
0.13796
0.068226
~
35.265827
28.888761
26.625942
0.699031
0.468595
0.530248
0.431084
0.340022
0.310934
0.197817
0.129113
0.063913
~
35.254259
27.732722
25.340218
0.728558
0.48448
0.507241
0.440433
0.342587
0.313466
0.196742
0.139607
0.062322
~
35.213417
28.16363
26.584726
0.699395
0.463496
0.523269
0.432159
0.376766
0.304121
0.198233
0.129422
0.068487
~
35.372242
28.278066
24.559062
0.812135
0.637048
0.529421
0.431451
0.331202
0.31098
0.197899
0.129523
0.068533
~
35.426637
31.762751
25.626439
0.700031
0.504009
0.532221
0.431805
0.340419
0.311705
0.223322
0.138223
0.069636
~
35.386956
29.882922
24.476171
0.699711
0.630258
0.522683
0.43068
0.376449
0.310645
0.197533
0.129196
0.070296
~
35.191394
28.140758
23.386221
0.698988
0.509358
0.516417
0.397115
0.339759
0.286819
0.197527
0.129108
0.068346
~
35.179016
28.798954
25.521753
0.893202
0.775427
0.523936
0.432637
0.3782
0.304665
0.196066
0.139009
0.064233
~
35.309163
30.032405
24.101012
1.236652
0.799989
0.529819
0.432105
0.339702
0.302935
0.197623
0.137803
0.06222
~
35.383616
31.32821
25.081264
0.698686
0.464126
0.505964
0.426896
0.348803
0.317964
0.226318
0.12927
0.067892
~
36.187092
30.877981
25.95846
0.812416
0.492162
0.539211
0.445202
0.348911
0.304949
0.247329
0.137115
0.069622
~
36.17605
27.235914
24.255343
0.751642
0.529202
0.530141
0.470055
0.37577
0.305308
0.198074
0.136789
0.07129
~
35.838282
28.842638
23.077488
0.74202
0.53404
0.507326
0.49111
0.331385
0.315411
0.210388
0.141466
0.063702
~
35.928559
30.724829
26.780316
0.757906
0.495727
0.540064
0.474087
0.462059
0.310319
0.202608
0.139957
0.067502
~
35.885564
30.472856
23.59457
1.273546
0.525292
0.525317
0.449821
0.395427
0.281618
0.200789
0.144826
0.080977
~
35.601497
26.972939
26.332451
0.687457
0.538224
0.531282
0.427303
0.380091
0.304526
0.19808
0.129057
0.06306
~
35.53356
31.477485
25.003349
0.708125
0.645603
0.536766
0.441923
0.43422
0.310991
0.205074
0.132437
0.069778
~
35.570167
27.54488
25.089618
1.101604
0.615566
0.537278
0.447789
0.436698
0.294832
0.196645
0.1375
0.063302
~
35.601903
28.769042
25.165876
1.26877
0.691574
0.535153
0.432281
0.342308
0.306953
0.199472
0.130585
0.065756
~
35.65349
30.77153
24.430502
0.702786
0.533099
0.533171
0.480512
0.378457
0.270962
0.27613
0.138639
0.063783
~
35.630708
28.645685
26.136755
0.717701
0.509358
0.521601
0.438788
0.33209
0.304972
0.19857
0.137445
0.071576
~
35.490803
30.649039
25.659042
0.719361
0.491629
0.553903
0.442847
0.410902
0.312238
0.201599
0.137814
0.064492
~
35.637649
30.755863
24.144341
1.297423
0.765487
0.545777
0.444485
0.342845
0.314963
0.200364
0.129544
0.063822
~
35.635524
29.837295
24.440465
1.173879
0.46777
0.505232
0.443002
0.346274
0.337185
0.204101
0.139419
0.065018
~
35.685625
30.069056
24.277327
0.846643
0.739475
0.528972
0.420442
0.339472
0.478194
0.191836
0.128982
0.070101
~
35.498022
29.82101
26.544962
0.75293
0.510736
0.504269
0.431717
0.400457
0.304518
0.195641
0.13816
0.071411
~
42.743966
31.1816
25.314951
0.879758
0.514478
0.504456
0.44742
0.340769
0.311508
0.206719
0.138313
0.070394
~
42.798215
29.267304
25.029014
1.130464
0.480143
0.506895
0.430123
0.415751
0.311988
0.195463
0.138271
0.070833
~
42.684516
31.957121
25.56222
0.733302
0.497013
0.544762
0.43215
0.3923
0.312906
0.226587
0.131725
0.068331
~
42.983534
33.084358
24.535328
0.717134
0.532406
0.52919
0.510799
0.35795
0.326432
0.203105
0.143405
0.06539
~
42.615858
27.973429
24.90946
1.141017
0.499878
0.522838
0.431013
0.468251
0.301643
0.199426
0.139223
0.065441
~
42.604965
31.070832
23.93767
0.988888
0.517698
0.498614
0.419523
0.376353
0.303091
0.200365
0.158268
0.077817
~
42.666928
29.384028
26.609116
1.14985
0.480622
0.528909
0.420339
0.408827
0.311175
0.200455
0.137843
0.061024
~
42.730938
29.952177
24.098951
1.219192
0.497619
0.536851
0.438019
0.383792
0.328555
0.203642
0.139026
0.062894
~
42.667569
29.333786
25.905772
1.069254
0.527193
0.539408
0.426571
0.452919
0.303529
0.198248
0.138155
0.069185
~
42.624087
31.332579
24.588189
0.682842
0.508982
0.530999
0.43249
0.340152
0.310675
0.198074
0.13744
0.066007
~
42.696127
32.044876
24.196655
1.349043
0.61449
0.504082
0.432864
0.39875
0.332628
0.205668
0.138506
0.070457
~
43.122644
31.860771
24.6286
1.268578
0.537612
0.529285
0.436832
0.377398
0.319123
0.206441
0.137778
0.065113
~
42.593174
29.123459
26.072031
1.157441
0.688794
0.517262
0.430806
0.339223
0.305066
0.198805
0.130422
0.07126
~
42.685076
33.637799
26.673026
0.879085
0.487326
0.530632
0.427993
0.340139
0.415188
0.198538
0.130395
0.068442
~
42.561247
27.338275
24.262817
0.867443
0.683125
0.53132
0.424065
0.398873
0.307392
0.237033
0.143614
0.071396
~
42.943546
32.284854
24.522906
0.868751
0.625832
0.499037
0.438419
0.340787
0.375345
0.216656
0.129212
0.064947
~
42.638196
28.702917
22.846885
0.726282
0.692781
0.522035
0.426328
0.347151
0.294788
0.203844
0.140896
0.068558
~
42.619122
27.368107
25.272175
1.00747
0.527699
0.579976
0.495572
0.347111
0.338342
0.214196
0.138711
0.06408
~
42.870879
28.248429
25.873059
0.683308
0.560795
0.516618
0.420995
0.339884
0.294104
0.19818
0.13792
0.061214
~
42.576974
30.453391
24.633134
1.105777
0.488314
0.538303
0.43576
0.470123
0.294447
0.19533
0.137969
0.06809
~
42.52591
29.210341
26.214526
0.798379
0.607851
0.530308
0.431958
0.340546
0.303663
0.19809
0.13781
0.063673
~
42.649588
27.916481
24.041094
1.558117
0.52592
0.529087
0.416397
0.33999
0.311602
0.204214
0.129162
0.073717
~
42.692924
33.84562
25.880763
0.699805
0.534424
0.532257
0.427467
0.340065
0.321523
0.197935
0.138047
0.070566
~
42.633176
31.877443
24.108699
0.699581
0.504105
0.529776
0.430247
0.435676
0.304372
0.246754
0.129492
0.067961
~
42.882281
29.466281
25.019823
0.935586
0.506385
0.529128
0.441286
0.406589
0.266269
0.225573
0.137573
0.072278
~
42.744063
29.39696
23.773777
1.262472
0.463789
0.505346
0.435488
0.432818
0.303793
0.200618
0.137698
0.071914
~
42.450061
27.89028
24.314166
0.701408
0.487754
0.499679
0.437071
0.342554
0.311401
0.195495
0.137778
0.061209
~
42.580028
29.930405
24.852834
1.395134
0.623442
0.529236
0.432969
0.379362
0.340188
0.207491
0.137458
0.07586
~
42.681455
28.344337
23.968713
1.034084
0.657279
0.532466
0.434425
0.434511
0.415598
0.198328
0.129438
0.070473
~
42.62142
28.106178
23.780074
0.700271
0.465552
0.518087
0.447415
0.340131
0.297367
0.198809
0.137914
0.062537
~
57.498214
26.525503
23.272454
0.700017
0.509403
0.523434
0.431623
0.395536
0.311546
0.195146
0.138183
0.063542
~
59.081535
28.392477
24.288771
0.683877
0.489745
0.529498
0.447782
0.377071
0.294514
0.196014
0.13857
0.06277
~
101.99885
29.817293
23.494725
0.700041
0.535639
0.523498
0.431262
0.340524
0.303893
0.216486
0.128991
0.070629
~
48.356268
28.788233
23.424869
0.845377
0.466644
0.517724
0.420157
0.341326
0.316288
0.202421
0.138428
0.070529
~
65.060005
29.022829
23.299441
0.709063
0.464922
0.517938
0.42357
0.340089
0.318791
0.22087
0.129163
0.068135
~
101.891333
30.118717
24.030628
0.699215
0.502387
0.516778
0.421532
0.332036
0.32846
0.203739
0.128932
0.070111
~
75.533902
28.98934
23.37864
0.791097
0.464226
0.518589
0.425639
0.332178
0.287957
0.200249
0.129799
0.068295
~
55.010918
34.601321
25.464278
0.699235
0.789162
0.505114
0.431544
0.339816
0.310903
0.197742
0.129035
0.070232
~
52.977236
27.296095
25.808627
0.700033
0.587797
0.531062
0.437949
0.341373
0.311211
0.244676
0.137986
0.063521
~
38.440883
25.582947
24.509377
0.686132
0.484126
0.499624
0.409845
0.377589
0.298352
0.189991
0.137518
0.073569
~
110.007835
27.705237
23.480216
0.7
0.484311
0.530908
0.442519
0.330844
0.304001
0.20101
0.138282
0.068468
~
63.104122
28.619823
26.395308
1.643427
0.578957
0.524434
0.527219
0.331637
0.303582
0.199778
0.13769
0.068245
~
59.124484
33.155892
24.643102
0.708223
0.472678
0.527444
0.430806
0.340714
0.304253
0.199296
0.138764
0.071647
~
39.185574
34.366535
22.713925
1.189062
0.463587
0.546518
0.42229
0.331988
0.311261
0.20167
0.129389
0.063903
~
123.189751
28.41354
25.424313
0.775891
0.464244
0.516573
0.426813
0.339786
0.31129
0.197895
0.129186
0.063742
~
70.801277
26.804771
23.988444
0.77063
0.605931
0.520097
0.442053
0.330651
0.318462
0.203042
0.137722
0.070001
~
65.231894
27.538693
24.28666
0.715269
0.470094
0.520962
0.432531
0.376884
0.310638
0.241213
0.137764
0.067013
~
49.688997
28.637989
23.823671
0.711331
0.498013
0.536757
0.43543
0.344154
0.312132
0.195544
0.132297
0.070164
~
104.00358
29.462335
24.978257
0.705621
0.492631
0.506918
0.411785
0.345594
0.336892
0.209538
0.129329
0.063581
~
48.281045
31.476353
23.081991
0.723825
0.469084
0.536175
0.433578
0.41414
0.306654
0.197369
0.142226
0.06871
~
43.349073
32.914019
26.594
0.719301
0.477933
0.540763
0.443589
0.348735
0.316799
0.199239
0.142827
0.066867
~
101.813324
27.682534
24.434798
0.640994
0.628946
0.541317
0.421019
0.339636
0.310626
0.197634
0.136867
0.060826
~
98.805885
26.538877
24.546266
0.756957
0.5522
0.533386
0.439279
0.376651
0.294235
0.19502
0.137269
0.06863
~
64.309866
28.02962
24.776736
1.159342
0.45847
0.542642
0.426025
0.332807
0.310612
0.190991
0.136122
0.062754
~
103.658737
26.916312
26.453118
0.706136
0.485546
0.528649
0.441411
0.469398
0.302519
0.221493
0.137096
0.074942
~
47.925657
29.055457
24.047334
0.711071
0.519608
0.51685
0.420824
0.340362
0.303623
0.24428
0.129042
0.068398
~
71.006343
27.87187
24.578418
0.742126
0.673204
0.531467
0.426417
0.340082
0.311223
0.197865
0.138781
0.070637
~
98.244274
29.013959
24.179935
0.720442
0.537997
0.527886
0.4478
0.341186
0.313487
0.208409
0.142416
0.070995
~
52.036208
27.913651
23.835503
0.697723
0.510577
0.534563
0.43984
0.486842
0.302944
0.198221
0.143507
0.065847
~
84.923705
28.839274
22.548228
0.699606
0.499971
0.52064
0.421381
0.367293
0.303764
0.197721
0.137286
0.070151
~
119.461899
28.73569
24.264076
0.698219
0.488268
0.547867
0.441295
0.339514
0.30982
0.1978
0.137924
0.063599
~
117.643786
30.388553
24.59294
0.595301
0.510846
0.545639
0.443202
0.331691
0.310882
0.2213
0.131574
0.068823
~
119.464715
31.083615
23.465466
0.981845
0.508165
0.530396
0.432531
0.377857
0.303282
0.198284
0.137859
0.068572
~
120.02974
30.206843
27.209418
0.784425
0.507857
0.55752
0.431549
0.450973
0.294824
0.198819
0.13792
0.067444
~
119.513886
28.739982
24.335815
1.462083
0.557397
0.523369
0.42631
0.377246
0.301578
0.19794
0.137829
0.066954
~
119.43886
29.678076
24.658507
0.594066
0.519996
0.515995
0.435432
0.339209
0.302786
0.19719
0.128551
0.067862
~
119.574129
29.455815
23.329437
0.714525
0.493122
0.531848
0.422826
0.341168
0.30522
0.196848
0.139123
0.061912
~
119.6227
31.588614
25.795157
0.675415
0.463303
0.522669
0.450553
0.33021
0.310473
0.197449
0.129033
0.066876
~
118.91764
31.131474
23.999925
0.683073
0.506591
0.498762
0.441849
0.339551
0.310714
0.198475
0.137968
0.065417
~
119.882109
30.975303
25.362999
0.699395
0.479919
0.516681
0.427542
0.330617
0.309968
0.23317
0.129379
0.070117
~
119.204169
28.109587
23.177135
0.763513
0.503334
0.529334
0.432888
0.340208
0.3109
0.198949
0.137209
0.063676
~
119.587339
28.32045
25.483394
0.597266
0.466095
0.542114
0.441505
0.332203
0.313487
0.19983
0.133517
0.073369
~
118.911955
28.184756
25.489359
0.65006
0.580341
0.541833
0.425773
0.330753
0.310696
0.191929
0.132029
0.068241
~
117.50546
27.884664
24.778628
0.754746
0.480366
0.528488
0.454539
0.37637
0.293714
0.203124
0.138237
0.075788
~
119.793989
27.683469
24.543697
0.77503
0.521653
0.526504
0.434492
0.395178
0.313264
0.195642
0.128913
0.070166
~
119.071115
27.442737
25.131437
0.699523
0.500943
0.517277
0.43706
0.331829
0.311049
0.198545
0.137831
0.070269
~
119.20102
27.979145
24.187017
0.642765
0.490638
0.516909
0.420579
0.340172
0.311266
0.198009
0.138061
0.06378
~
119.384829
29.071487
25.834862
0.880558
0.464616
0.517268
0.432025
0.331022
0.304093
0.207291
0.137823
0.070701
~
118.191153
28.522026
24.992465
0.713672
0.469723
0.51781
0.432063
0.422791
0.336373
0.198784
0.14205
0.073656
~
119.702732
29.154518
24.221568
0.698738
0.491685
0.528511
0.435912
0.394561
0.30264
0.197725
0.129268
0.063499
~
119.928252
30.248546
26.680158
0.607527
0.510737
0.545719
0.435224
0.333111
0.31763
0.250967
0.139554
0.069075
~
119.28874
29.372185
24.668201
0.69793
0.464957
0.519798
0.437787
0.340227
0.311532
0.198124
0.137961
0.067251
~
118.519224
30.964251
24.554232
0.595999
0.505183
0.499739
0.442446
0.331046
0.311525
0.203806
0.138256
0.07062
~
118.887299
28.232606
25.266599
0.57073
0.466225
0.511
0.426423
0.340426
0.311651
0.198179
0.129191
0.062888
~
116.079127
32.30629
23.433372
0.699781
0.463804
0.528716
0.421492
0.331102
0.318905
0.198144
0.12936
0.064026
~
119.463237
34.835731
24.343899
0.700154
0.492075
0.528999
0.435847
0.340486
0.311843
0.19842
0.129278
0.070671
~
119.757996
33.786542
24.344852
0.776739
0.463623
0.517408
0.432339
0.377132
0.294775
0.198769
0.13799
0.080127
~
119.75568
28.15085
25.069909
0.69945
0.556718
0.529253
0.443456
0.46055
0.30447
0.195986
0.129553
0.076153
~
116.045094
28.010076
24.33363
0.79444
0.561862
0.516247
0.425502
0.339377
0.30961
0.222448
0.128995
0.072767
~
119.436107
29.100053
23.395179
0.698015
0.463297
0.528607
0.420066
0.3412
0.317996
0.191784
0.137553
0.067433
~
33.941647
31.232754
24.221255
0.698633
0.458395
0.505402
0.442766
0.543258
0.303707
0.195224
0.137472
0.061573
~
33.953623
30.355109
25.016841
0.683068
0.511359
0.514943
0.458199
0.341794
0.313174
0.201184
0.130803
0.073138
~
34.144358
33.250891
24.205874
0.683007
0.465673
0.516599
0.413994
0.330638
0.448314
0.204619
0.129178
0.067791
~
33.970338
29.907491
27.212673
0.675733
0.463882
0.535989
0.431757
0.340053
0.311419
0.200693
0.137813
0.070413
~
33.984661
34.458272
25.554125
0.682855
0.481724
0.498499
0.428399
0.376329
0.333594
0.195369
0.128981
0.063751
~
34.123357
32.22824
24.978069
0.714901
0.520579
0.51654
0.441275
0.381808
0.303544
0.194946
0.12899
0.068047
~
34.171488
34.687578
24.279154
0.69889
0.489077
0.516146
0.431219
0.339552
0.304041
0.197968
0.137879
0.063674
~
34.088369
34.278548
25.900971
1.174464
0.463748
0.498814
0.442093
0.339788
0.313355
0.202293
0.140099
0.07215
~
34.110642
32.137297
23.860447
1.368678
0.462214
0.499265
0.436905
0.376591
0.316724
0.197751
0.137325
0.06368
~
33.933846
36.08866
24.693759
0.683706
0.663741
0.498567
0.437702
0.340176
0.315797
0.199078
0.142497
0.073101
~
34.137242
30.201854
23.849386
0.693665
0.514157
0.513329
0.430841
0.345262
0.315164
0.206515
0.14043
0.064016
~
34.169687
30.200579
23.74787
0.600541
0.492069
0.531641
0.429006
0.342405
0.307196
0.22804
0.139995
0.07265
~
34.047849
36.703117
24.938865
0.699762
0.612539
0.524672
0.449299
0.340834
0.322117
0.218212
0.135328
0.071646
~
34.262366
29.074587
25.649354
0.698868
0.52385
0.534974
0.426193
0.344647
0.295988
0.195713
0.13734
0.061638
~
33.992105
34.27474
24.166265
0.700813
0.518783
0.529045
0.430869
0.395019
0.31045
0.195469
0.137237
0.069907
~
34.008919
34.416406
24.639164
0.717779
0.495093
0.536981
0.432828
0.4455
0.32192
0.204881
0.134594
0.07233
~
34.498896
28.316127
25.431029
0.730612
0.602933
0.527883
0.43133
0.339441
0.311667
0.194662
0.137036
0.069948
~
34.141514
36.143644
25.592367
0.698749
0.555582
0.530822
0.436441
0.339568
0.311253
0.197629
0.137557
0.070827
~
34.730529
29.399043
26.195206
0.635229
0.508668
0.553331
0.463239
0.339289
0.310538
0.197661
0.136872
0.069354
~
34.266338
35.941787
23.960524
0.683004
0.468571
0.498808
0.420523
0.330502
0.310442
0.203112
0.136997
0.075425
~
33.998124
36.454992
23.567578
0.69857
0.465506
0.54533
0.431898
0.334322
0.318463
0.201257
0.137444
0.062493
~
34.122689
32.083235
25.355075
0.701997
0.797963
0.528773
0.437193
0.470393
0.303986
0.194679
0.137448
0.069369
~
34.189959
33.194085
24.342448
1.093026
0.526873
0.498761
0.430932
0.376385
0.302184
0.194123
0.140822
0.06386
~
34.062078
34.156423
24.414397
0.697842
0.59681
0.537114
0.430427
0.339842
0.292926
0.19848
0.128724
0.06868
~
34.084399
41.584812
25.165503
0.682912
0.537686
0.525854
0.43676
0.332675
0.30786
0.196094
0.136546
0.069236
~
34.392476
35.28627
25.122952
0.701338
0.525448
0.513034
0.411205
0.376783
0.302379
0.197068
0.128469
0.060917
~
34.045729
31.042513
23.685493
0.699105
0.525733
0.504361
0.43664
0.40379
0.315288
0.195567
0.137337
0.075807
~
33.876673
30.752482
24.249816
0.682863
0.485751
0.505259
0.431323
0.340468
0.310524
0.197871
0.137661
0.070576
~
34.092175
36.496843
25.860459
0.698171
0.51749
0.529516
0.437888
0.339295
0.310236
0.194544
0.136622
0.069821
~
34.056188
34.518881
23.816711
0.699883
0.581902
0.508768
0.442055
0.382219
0.377954
0.206153
0.138413
0.060845
~
2.306676
1.449808
1.656805
0.734926
0.45932
0.510719
0.438986
0.329102
0.306603
0.196644
0.128622
0.081871
~
2.304876
2.389106
1.133434
0.687947
0.600743
0.510801
0.412679
0.319373
0.306528
0.210457
0.128503
0.068926
~
2.305365
1.825942
1.056888
0.517662
0.462651
0.552311
0.467692
0.320048
0.306611
0.197398
0.128459
0.070054
~
2.30609
1.122632
1.935648
0.533589
0.459948
0.517577
0.429159
0.319713
0.297309
0.216064
0.128801
0.066996
~
2.302806
2.489884
1.248909
0.708176
0.600785
0.517293
0.478501
0.321935
0.306614
0.192069
0.128523
0.071383
~
2.307303
2.335953
0.998446
0.603952
0.459066
0.51664
0.462698
0.320214
0.306651
0.219161
0.136681
0.074829
~
2.343016
1.350901
1.923232
0.739403
0.601691
0.516979
0.418095
0.320011
0.328101
0.199381
0.129125
0.078015
~
2.305644
1.224839
1.413215
0.76815
0.459085
0.49837
0.450316
0.318675
0.306181
0.192368
0.13083
0.071291
~
2.306019
2.171807
1.937484
0.68591
0.601816
0.510752
0.46212
0.319632
0.306694
0.204961
0.129158
0.066818
~
2.30444
2.19306
1.120677
0.741048
0.587788
0.511365
0.581755
0.338739
0.306676
0.218317
0.128885
0.069
~
2.305285
2.194408
1.778075
0.753498
0.601521
0.511275
0.494721
0.319723
0.306811
0.198054
0.129046
0.070073
~
2.307986
1.652022
1.469632
0.749518
0.459715
0.522911
0.492661
0.319756
0.306871
0.328327
0.128868
0.06686
~
2.307688
1.65409
1.348114
0.534338
0.601813
0.511263
0.44126
0.324268
0.366136
0.233805
0.161186
0.070578
~
2.452719
1.80634
1.520468
0.518008
0.600673
0.517067
0.441033
0.310914
0.343276
0.211671
0.129728
0.068695
~
2.354783
3.016817
1.562091
0.588235
0.601363
0.511619
0.436619
0.319566
0.307021
0.205813
0.129291
0.072149
~
2.307278
1.004817
1.826022
0.7202
0.602825
0.505601
0.474487
0.319752
0.307999
0.211597
0.129631
0.065421
~
2.305915
2.045618
1.483787
0.717111
0.601318
0.516948
0.413625
0.319891
0.305577
0.202599
0.129012
0.071614
~
2.358267
1.580123
1.203642
0.784892
0.601981
0.517888
0.452006
0.320737
0.307212
0.21697
0.129209
0.069392
~
2.305595
1.986876
2.248484
0.719264
0.586262
0.522601
0.483661
0.319245
0.340391
0.225224
0.141244
0.07494
~
2.386631
1.889958
1.309253
0.832827
0.601111
0.522788
0.424043
0.319474
0.307631
0.195809
0.129521
0.069754
~
2.306868
1.191694
1.402268
0.600302
0.600871
0.516608
0.481685
0.319806
0.306655
0.214828
0.128382
0.070039
~
2.325745
1.752906
1.832659
0.722166
0.618544
0.520642
0.438165
0.338499
0.306871
0.198273
0.12851
0.071333
~
2.323059
1.811967
0.662444
0.589089
0.459574
0.51047
0.434641
0.320092
0.307068
0.330104
0.128584
0.068915
~
2.305982
2.422731
2.013454
0.749415
0.60083
0.49963
0.53074
0.33846
0.30685
0.220692
0.128565
0.071155
~
2.326509
1.88448
1.403418
0.726952
0.60061
0.516849
0.490522
0.350662
0.297897
0.211327
0.125497
0.067148
~
2.305936
1.366141
1.906127
0.73942
0.600439
0.516885
0.41291
0.318836
0.306395
0.211283
0.129232
0.071999
~
2.306556
1.371124
1.677942
0.606869
0.586988
0.497995
0.424275
0.318856
0.314052
0.199651
0.128447
0.071147
~
2.307402
0.902078
1.819464
0.639859
0.618639
0.520041
0.41784
0.323171
0.308105
0.216058
0.13977
0.079463
~
2.38349
1.36875
1.641986
0.72292
0.611202
0.539886
0.656455
0.335402
0.320032
0.223294
0.128581
0.068978
~
2.337997
1.290513
1.688766
1.24891
0.621171
0.527662
0.521579
0.319597
0.310995
0.21947
0.129408
0.069596
~
97.321423
~
90.83176
~
97.09839
~
89.770475
~
96.745654
~
95.78072
~
96.418154
~
96.810866
~
91.419504
~
97.128028
~
98.338675
~
97.482641
~
97.602108
~
89.989996
~
98.598708
~
97.268436
~
88.242945
~
95.617529
~
89.774068
~
95.245367
~
91.199432
~
95.777401
~
89.167561
~
88.891979
~
96.720756
~
95.829336
~
91.036864
~
96.106803
~
96.835498
~
95.885196
~
95.622987
~
97.01089
~
95.812454
~
96.73974
~
96.306721
~
96.445791
~
95.361861
~
96.956185
~
95.309683
~
93.893841
~
97.031524
~
94.102126
~
96.833876
~
95.48724
~
96.45215
~
94.745374
~
95.856239
~
95.750239
~
97.358788
~
96.173692
~
97.401965
~
97.423423
~
92.552739
~
95.76402
~
100.162561
~
99.082976
~
98.789181
~
95.430702
~
96.262541
~
95.189021
~
31.315743
27.827187
24.277398
0.713137
0.509465
0.528829
0.434576
0.343176
0.316231
0.208934
0.131576
0.0625
~
31.424476
30.03611
25.570423
0.706797
0.466359
0.522514
0.43214
0.336159
0.324225
0.204648
0.129374
0.070346
~
31.380711
31.005517
26.256569
0.704866
0.477577
0.535083
0.444733
0.382409
0.312867
0.201535
0.139251
0.073907
~
31.42055
30.954269
24.543108
0.720735
0.488924
0.539957
0.426332
0.338349
0.314922
0.198849
0.140526
0.070302
~
31.368002
31.224987
26.083635
0.690154
0.569178
0.525404
0.437422
0.34374
0.312602
0.200848
0.131313
0.068471
~
31.387177
30.87662
25.120283
0.710595
0.486629
0.537099
0.44265
0.382829
0.312493
0.204757
0.137352
0.062112
~
31.383745
31.02378
24.225277
0.734871
0.563424
0.551876
0.434749
0.341357
0.32099
0.225705
0.1383
0.072304
~
31.387692
30.568293
24.624419
0.690934
0.506145
0.532976
0.432825
0.401039
0.35145
0.203858
0.139029
0.072928
~
31.538439
30.099742
24.240086
0.708353
0.477982
0.507424
0.448458
0.345286
0.316813
0.199094
0.139277
0.061965
~
31.407272
30.235737
23.397093
0.707839
0.59031
0.537704
0.437505
0.342374
0.314346
0.198559
0.137964
0.0635
~
31.37597
29.132054
24.614695
0.713661
0.580604
0.550528
0.444233
0.398319
0.339061
0.199083
0.139545
0.065265
~
31.331371
29.407992
24.651404
0.721189
0.534572
0.504809
0.434495
0.381491
0.312584
0.197015
0.142535
0.069012
~
31.393724
28.892077
23.909316
0.703918
0.515928
0.523914
0.436307
0.373417
0.299981
0.193429
0.131826
0.067365
~
31.401957
32.826362
23.466426
0.699879
0.548951
0.516893
0.431677
0.345629
0.297769
0.198855
0.140575
0.071022
~
31.586194
32.798636
26.708485
0.708749
0.523211
0.519676
0.438604
0.336163
0.316084
0.201298
0.139504
0.075845
~
31.420231
34.076645
26.55096
0.704712
0.522152
0.554514
0.427966
0.34138
0.305045
0.228956
0.139034
0.06436
~
32.225223
32.528023
25.447738
0.702281
0.504185
0.528934
0.430805
0.343486
0.302664
0.200359
0.138252
0.067633
~
31.325829
30.681603
24.277325
0.698972
0.520521
0.522989
0.43702
0.340171
0.304059
0.198032
0.128836
0.070098
~
31.085325
27.237063
23.638579
0.706466
0.548115
0.543364
0.422027
0.34112
0.31142
0.198279
0.137906
0.070486
~
31.121574
29.533495
24.844201
0.699354
0.489482
0.516494
0.40783
0.376443
0.310372
0.197612
0.137818
0.075858
~
31.119634
30.618241
22.866975
0.716076
0.567761
0.517674
0.42129
0.340524
0.311358
0.198705
0.137892
0.0672
~
31.088223
28.029592
24.686432
0.702754
0.526402
0.532942
0.431437
0.34022
0.310606
0.197606
0.137205
0.06372
~
31.268125
31.428155
26.117456
0.698032
0.601883
0.521686
0.424816
0.339284
0.2862
0.20373
0.128446
0.068479
~
31.540321
30.958404
25.48817
0.698897
0.506569
0.522592
0.431159
0.483134
0.31048
0.20093
0.137568
0.062033
~
31.081015
35.993006
24.744998
0.699435
0.534024
0.529485
0.425745
0.376028
0.310222
0.19737
0.137103
0.065622
~
31.200547
30.248795
29.179167
0.699009
0.519918
0.516495
0.392903
0.57543
0.302702
0.209515
0.128232
0.067864
~
31.029726
32.946824
25.089953
0.699489
0.501592
0.510559
0.441607
0.394749
0.314761
0.198294
0.129387
0.068147
~
31.029076
29.549252
24.775865
0.70007
0.480567
0.517576
0.43173
0.340656
0.311688
0.198355
0.129521
0.068762
~
31.35309
32.505596
27.162911
0.721601
0.544624
0.534352
0.440832
0.430602
0.302674
0.19445
0.138661
0.068456
~
31.183607
31.274141
25.666157
0.698893
0.502722
0.529053
0.474873
0.376599
0.332095
0.201292
0.137165
0.074312
~
35.266092
29.847993
24.541694
1.31948
0.533417
0.499057
0.453123
0.468584
0.349534
0.195171
0.128829
0.068093
~
35.62368
31.928168
24.548829
0.697942
0.468243
0.523962
0.431208
0.339392
0.310249
0.21561
0.137383
0.069949
~
35.075749
28.675219
26.009115
0.699265
0.494484
0.49887
0.442417
0.331254
0.311697
0.203111
0.128804
0.070122
~
35.144378
31.427846
26.479531
0.688106
0.611672
0.525013
0.439038
0.342723
0.312131
0.209072
0.136203
0.069224
~
35.331925
29.451438
24.347711
1.39236
0.508245
0.517697
0.432363
0.33182
0.313156
0.208402
0.130233
0.069012
~
35.361726
32.087833
24.467894
0.69789
0.534332
0.517359
0.426578
0.46915
0.301953
0.200598
0.138881
0.069574
~
35.294779
34.123636
24.693974
0.682493
0.50595
0.497824
0.441168
0.431033
0.309655
0.201988
0.128745
0.06764
~
35.099768
30.920977
25.546566
0.909715
0.55114
0.505031
0.442631
0.340167
0.304431
0.215081
0.129053
0.063573
~
35.149041
32.650286
24.295138
0.698891
0.501156
0.523463
0.442455
0.340211
0.30457
0.203585
0.13779
0.073294
~
35.194421
30.966813
25.876794
0.756668
0.461161
0.498347
0.436375
0.385478
0.347733
0.206599
0.137735
0.063798
~
35.113333
32.25019
23.40736
0.699974
0.485288
0.50514
0.423636
0.340034
0.331989
0.192224
0.13809
0.067095
~
35.235897
29.749525
25.557491
0.7002
0.502783
0.498996
0.437236
0.340065
0.303376
0.19783
0.138206
0.068321
~
35.182674
30.755881
24.191079
0.69971
0.500566
0.528991
0.42054
0.339701
0.311052
0.197727
0.129185
0.07056
~
35.087383
29.520183
23.693547
0.699818
0.518153
0.54163
0.436753
0.340045
0.310377
0.221746
0.137747
0.068379
~
35.217873
31.426002
25.72155
0.699793
0.512532
0.529215
0.441883
0.331747
0.31117
0.197931
0.137561
0.070259
~
35.30232
33.097755
24.827973
0.699662
0.537253
0.499239
0.431585
0.450783
0.301517
0.240306
0.137672
0.070282
~
35.109111
34.11571
27.358516
1.272687
0.494861
0.522106
0.432206
0.376283
0.310445
0.198033
0.137897
0.070343
~
35.108345
30.992275
24.749475
0.698664
0.483273
0.522897
0.431156
0.340159
0.302591
0.197326
0.137152
0.063232
~
35.057977
29.197342
24.741753
0.902081
0.493961
0.499128
0.438721
0.367785
0.311229
0.198185
0.137263
0.063028
~
35.291794
29.952941
24.064863
0.744571
0.489383
0.498337
0.414547
0.339871
0.310274
0.197244
0.137193
0.069924
~
35.074404
34.940898
26.065598
0.699514
0.518098
0.517617
0.43182
0.340204
0.302884
0.197977
0.136852
0.067671
~
35.060316
32.377737
25.539959
0.715064
0.468592
0.516625
0.431128
0.339764
0.312834
0.198212
0.138007
0.066342
~
35.264692
30.449129
25.401768
1.362723
0.545964
0.498949
0.478634
0.339782
0.310718
0.20097
0.137966
0.064218
~
35.052645
36.732539
24.583913
0.964103
0.463206
0.498877
0.432506
0.37682
0.311046
0.198131
0.137947
0.063683
~
35.21798
37.99678
25.865336
0.699915
0.554459
0.529235
0.421748
0.340695
0.302586
0.198111
0.129551
0.07064
~
35.142413
29.871895
25.302249
1.289835
0.507344
0.499379
0.437761
0.340373
0.310631
0.197704
0.137511
0.063385
~
35.084665
28.331511
25.499134
1.286537
0.518257
0.522662
0.427455
0.377069
0.30303
0.197661
0.128742
0.078856
~
35.067568
32.38581
26.61986
1.083884
0.477588
0.498818
0.435181
0.413218
0.310039
0.195433
0.138166
0.080131
~
35.083285
30.254912
24.787561
1.735295
0.644996
0.536758
0.431347
0.330892
0.311063
0.197836
0.129169
0.069323
~
35.076867
30.799723
25.378824
0.714847
0.468345
0.537649
0.442201
0.340355
0.310427
0.194691
0.137266
0.075491
~
36.488257
1.094184
1.084039
0.607649
0.58698
0.515925
0.412961
0.319597
0.29741
0.204104
0.128556
0.071367
~
36.654934
1.059707
0.626461
0.523216
0.629566
0.516741
0.419196
0.320005
0.36247
0.198581
0.129054
0.069155
~
36.765122
1.230619
0.590151
0.518234
0.622974
0.519377
0.419239
0.320486
0.308522
0.210611
0.129322
0.07217
~
36.555917
1.207407
1.317741
0.556491
0.630316
0.510769
0.413536
0.320093
0.308461
0.206113
0.129164
0.072098
~
36.567962
1.017678
0.60692
0.702541
0.594845
0.516972
0.420848
0.319382
0.31315
0.195892
0.136506
0.070135
~
36.484306
1.176053
0.625383
0.590052
0.587096
0.516901
0.455733
0.319473
0.297524
0.205179
0.128691
0.070286
~
36.674021
1.129911
0.730764
0.542763
0.589471
0.526099
0.413707
0.321898
0.309156
0.221817
0.130272
0.07023
~
36.654852
1.041597
0.644779
0.724642
0.603415
0.517382
0.418652
0.338962
0.307371
0.211052
0.130015
0.070133
~
36.610423
1.018146
0.589969
0.762464
0.637249
0.517761
0.419497
0.321103
0.308398
0.21646
0.129708
0.069084
~
36.646602
1.226723
0.745836
0.711296
0.588493
0.523969
0.418258
0.33122
0.340521
0.221879
0.129635
0.066628
~
36.714125
1.109684
0.626476
0.521224
0.587881
0.517367
0.414024
0.32078
0.336734
0.212558
0.129549
0.072407
~
36.67148
2.177334
0.71141
0.592315
0.587773
0.524258
0.418937
0.320709
0.374891
0.216483
0.129628
0.071086
~
36.532998
2.137219
0.626175
0.739535
0.580884
0.512407
0.419296
0.321244
0.308244
0.216276
0.129537
0.072395
~
36.527272
1.083037
0.626495
0.540168
0.72085
0.524107
0.419089
0.320786
0.308207
0.204498
0.129777
0.072301
~
36.828734
1.107623
1.086487
0.741114
0.603347
0.517171
0.413761
0.369887
0.307525
0.217017
0.130077
0.072815
~
36.840567
1.041891
0.600241
0.801739
0.560266
0.524639
0.419125
0.330668
0.308715
0.210741
0.129451
0.070156
~
36.7145
1.059189
0.607414
0.582917
0.623807
0.518247
0.413511
0.320724
0.339076
0.199964
0.12905
0.068525
~
36.75608
1.761079
1.352536
0.737997
0.586361
0.522079
0.417348
0.319053
0.382112
0.224639
0.129942
0.072484
~
36.649234
1.094489
0.828972
0.740511
0.611938
0.522839
0.412578
0.329595
0.309145
0.199518
0.129968
0.072617
~
36.749393
1.146213
0.817844
0.519107
0.572884
0.515525
0.412118
0.318615
0.31594
0.208609
0.128049
0.068371
~
36.759537
1.13931
0.863278
0.589421
0.58603
0.51251
0.428585
0.319955
0.306853
0.210636
0.129922
0.071555
~
36.688902
1.215483
0.793024
0.576712
0.616051
0.51097
0.417699
0.319795
0.297674
0.193338
0.129283
0.069446
~
36.601293
1.083411
1.164076
0.72001
0.586387
0.522416
0.417712
0.31934
0.305214
0.19812
0.128523
0.071507
~
37.174327
1.120486
0.633475
0.525668
0.629613
0.519778
0.413158
0.320281
0.314803
0.211594
0.129296
0.071599
~
36.768883
1.159445
1.1566
0.728706
0.571772
0.51067
0.41242
0.319269
0.293383
0.226248
0.128651
0.071244
~
36.729153
1.03632
0.719802
0.72852
0.601559
0.522948
0.418028
0.31971
0.306633
0.214885
0.128875
0.071313
~
36.660045
1.095879
1.387227
0.54127
0.588953
0.523493
0.418661
0.320179
0.331052
0.223365
0.129206
0.069503
~
36.616189
1.153838
1.033017
0.708121
0.598131
0.517602
0.418402
0.319971
0.307009
0.198277
0.128819
0.068251
~
36.729528
1.03973
0.589516
0.563521
0.573192
0.516971
0.413339
0.349489
0.314535
0.227499
0.129236
0.071587
~
36.548943
1.168431
0.598863
0.572722
0.587951
0.523353
0.412874
0.319601
0.335497
0.203931
0.129234
0.071659
~
34.269166
29.578833
23.788345
0.91152
0.540875
0.52199
0.435973
0.33967
0.310567
0.197453
0.128862
0.063393
~
34.439251
31.264221
25.943958
0.683392
0.511294
0.505034
0.432264
0.340541
0.312145
0.195489
0.138116
0.070337
~
34.281693
30.665916
25.541603
0.699557
0.463357
0.516709
0.443711
0.340429
0.311829
0.198425
0.137782
0.070574
~
34.182699
32.164706
24.189938
0.683714
0.497841
0.517719
0.397757
0.33982
0.310829
0.19833
0.137628
0.064048
~
34.132071
29.024075
25.992164
0.698592
0.502413
0.522356
0.441336
0.339191
0.302117
0.195018
0.13744
0.064531
~
34.336025
29.833364
24.350072
0.736993
0.47163
0.523824
0.431738
0.433868
0.301085
0.194791
0.137624
0.064529
~
34.384831
29.471935
24.788911
0.700364
0.502123
0.518697
0.431732
0.376841
0.310855
0.198239
0.129085
0.070695
~
34.308271
35.43072
24.946818
0.683651
0.551984
0.523231
0.429471
0.331052
0.310992
0.198711
0.138021
0.069066
~
34.202189
30.470697
25.256756
0.698497
0.463344
0.516534
0.430828
0.431378
0.302762
0.194441
0.136605
0.069716
~
34.409304
30.213678
24.918053
0.790087
0.548138
0.522291
0.430661
0.385824
0.311154
0.194806
0.159887
0.073453
~
34.29774
29.584912
25.451437
0.698455
0.512923
0.528073
0.431103
0.33931
0.309605
0.196662
0.136288
0.069371
~
34.454714
26.705647
24.46656
0.698383
0.499709
0.536622
0.421192
0.330935
0.318617
0.204546
0.129631
0.07076
~
34.393875
32.335564
24.833503
0.681509
0.500034
0.520979
0.430029
0.338742
0.309413
0.196978
0.136517
0.069615
~
34.451531
30.7895
25.133841
0.702908
0.503822
0.509762
0.43132
0.338357
0.322853
0.216593
0.137863
0.079381
~
34.534847
29.595528
24.85318
0.724822
0.506038
0.516803
0.420967
0.339926
0.302831
0.197685
0.130415
0.07024
~
34.660038
31.093977
24.177168
0.699543
0.489922
0.548458
0.446882
0.332757
0.318204
0.197686
0.133236
0.073759
~
34.557982
30.163814
23.171239
0.716201
0.579358
0.540526
0.450013
0.346104
0.309759
0.240895
0.145026
0.071581
~
34.599006
30.185611
25.21686
0.688045
0.483629
0.522705
0.431927
0.402091
0.3042
0.192023
0.137464
0.070414
~
34.347827
31.286905
24.767879
0.899024
0.486094
0.521779
0.437085
0.344192
0.307977
0.20196
0.133356
0.074189
~
34.3975
31.649324
25.726502
1.576211
0.474284
0.503102
0.436693
0.382989
0.314285
0.201651
0.178342
0.091161
~
34.53224
32.860647
28.002202
1.265659
0.499094
0.51019
0.432308
0.384215
0.353002
0.208989
0.137294
0.071733
~
34.559883
43.265295
25.334362
0.712241
0.490232
0.525943
0.419877
0.349092
0.320829
0.201783
0.132339
0.067704
~
34.471465
36.521348
24.441906
0.74452
0.563056
0.532944
0.436199
0.343305
0.307579
0.206588
0.141795
0.066903
~
34.618366
31.257913
24.24763
0.689128
0.519812
0.521357
0.43041
0.343956
0.290957
0.202614
0.1378
0.070312
~
34.366772
31.292315
28.559569
0.708783
0.503854
0.53811
0.435963
0.446091
0.339012
0.195977
0.137536
0.070072
~
34.561847
31.249904
24.37009
0.701572
0.494428
0.530866
0.443565
0.342868
0.316502
0.198104
0.137402
0.064639
~
34.450868
31.652769
24.866575
0.71071
0.530773
0.533224
0.442475
0.494373
0.314003
0.19919
0.141463
0.0672
~
34.695276
29.846277
24.973844
0.696753
0.525105
0.536179
0.46539
0.344931
0.308056
0.200837
0.140944
0.073202
~
34.707787
33.067488
24.364427
0.691432
0.507475
0.503671
0.438109
0.341177
0.304741
0.207846
0.138829
0.074236
~
34.580732
29.984338
23.686253
0.703574
0.490843
0.534427
0.446857
0.348044
0.306849
0.201182
0.141384
0.067566
~
32.914101
29.531468
26.381579
0.726562
0.490889
0.547497
0.426764
0.340059
0.310705
0.192123
0.132752
0.073135
~
32.880576
30.938318
25.446964
0.704365
0.46762
0.521807
0.439273
0.332396
0.295223
0.325429
0.129071
0.073
~
32.799656
31.604573
24.831771
0.704313
0.554898
0.535016
0.43594
0.438278
0.314749
0.201368
0.132186
0.072768
~
32.775329
33.712999
25.777775
0.70406
0.471925
0.533416
0.445902
0.390141
0.308184
0.203396
0.141821
0.066158
~
32.761218
31.225382
24.409741
0.700126
0.570842
0.530067
0.437372
0.340431
0.303884
0.211958
0.138443
0.073801
~
32.779883
30.965974
25.391594
1.06403
0.475517
0.506069
0.42772
0.40607
0.31191
0.195707
0.138594
0.066728
~
32.841937
32.586994
23.811355
0.698774
0.500333
0.522886
0.433312
0.339853
0.31059
0.19771
0.137763
0.063388
~
32.776931
31.109682
24.841961
0.699866
0.53768
0.499782
0.443736
0.469759
0.303977
0.198281
0.138853
0.063933
~
33.007888
32.899253
25.939667
0.682122
0.508242
0.515707
0.430601
0.394098
0.302183
0.19734
0.128694
0.073158
~
32.776014
28.638194
24.546987
0.687996
0.471664
0.502748
0.446848
0.334656
0.306507
0.22802
0.141297
0.077678
~
32.647102
31.559181
25.591789
0.713953
0.651765
0.515921
0.446221
0.467294
0.309198
0.197982
0.141028
0.06597
~
32.748774
28.789103
24.004154
0.689011
0.489989
0.517231
0.425668
0.339849
0.323559
0.23812
0.127997
0.067461
~
32.560141
32.843041
24.923217
1.231445
0.468132
0.510476
0.442448
0.330509
0.3111
0.197915
0.14093
0.065539
~
32.835817
31.98463
25.811676
0.687366
0.504543
0.526924
0.423952
0.34337
0.309479
0.19425
0.128204
0.069698
~
32.544798
32.46141
25.215667
0.7468
0.463078
0.516236
0.457026
0.339778
0.302951
0.197328
0.141211
0.070516
~
32.758851
29.079146
23.805075
0.699423
0.469025
0.499301
0.442471
0.3405
0.313923
0.200985
0.141101
0.072893
~
32.77125
30.932803
23.832776
0.704227
0.509127
0.52706
0.430241
0.343959
0.313798
0.200934
0.14141
0.066322
~
32.975055
35.135536
25.018565
0.767259
0.487456
0.532822
0.462414
0.390149
0.36225
0.235749
0.142323
0.079271
~
33.836374
30.785915
25.825418
0.700083
0.50432
0.530072
0.43948
0.358603
0.316038
0.210665
0.1394
0.070988
~
33.35552
31.488845
24.203092
0.727916
0.584488
0.530332
0.435372
0.401055
0.310172
0.202223
0.140915
0.066052
~
32.872211
35.229132
23.849699
0.707805
0.50959
0.548977
0.421431
0.342788
0.316903
0.203146
0.132362
0.069507
~
32.883815
31.109523
26.147421
1.466551
0.502565
0.513468
0.439521
0.34353
0.318825
0.211594
0.137318
0.073204
~
33.23805
35.300043
24.582107
0.705412
0.531347
0.535049
0.427192
0.341705
0.318305
0.216118
0.133038
0.071094
~
32.914044
37.650926
27.536558
0.71459
0.487657
0.525617
0.428085
0.34554
0.338579
0.201051
0.14075
0.072963
~
32.933441
30.066522
24.908314
0.706154
0.512013
0.539874
0.433748
0.346481
0.315793
0.195282
0.141556
0.067221
~
33.410831
33.353911
24.650531
0.697204
0.466784
0.544035
0.42502
0.335178
0.315696
0.198743
0.133977
0.074515
~
32.956766
30.907336
24.551164
0.707776
0.533191
0.518959
0.423473
0.375046
0.345849
0.201718
0.138462
0.062779
~
32.926344
32.52334
23.651335
0.737081
0.510367
0.536297
0.443564
0.331963
0.314507
0.202192
0.138475
0.073459
~
33.233052
33.062355
24.309292
0.697653
0.479443
0.541322
0.429735
0.329943
0.309391
0.196889
0.141759
0.069417
~
32.931222
36.902519
25.363219
1.310594
0.499521
0.526938
0.436802
0.380547
0.312468
0.199498
0.138339
0.071572
~
98.260734
~
103.756237
~
103.399543
~
96.765766
~
96.933605
~
97.239237
~
97.333543
~
98.102614
~
103.990699
~
96.134465
~
101.229422
~
98.522211
~
95.140831
~
96.609707
~
96.428469
~
96.205941
~
102.69742
~
96.138469
~
100.587307
~
95.474497
~
98.420494
~
98.177269
~
95.614352
~
99.318771
~
97.820655
~
102.003978
~
100.944815
~
101.284708
~
102.721767
~
101.959119
~
37.826
32.805061
24.942443
1.215922
0.658687
0.500042
0.44392
0.363366
0.397499
0.198699
0.138261
0.070553
~
38.037108
30.134354
24.664934
0.888912
0.495419
0.506343
0.436478
0.332262
0.311347
0.19908
0.139601
0.064782
~
37.812752
27.586614
25.567455
1.344553
0.49745
0.499369
0.409561
0.470917
0.304857
0.207467
0.138612
0.06801
~
37.937891
30.366348
23.505328
1.280187
0.576462
0.516622
0.43193
0.340733
0.310877
0.197959
0.129446
0.070442
~
37.908801
32.290139
24.243211
0.883971
0.506637
0.528546
0.431681
0.376909
0.301169
0.224417
0.137393
0.065068
~
37.72458
28.679991
24.770391
0.700556
0.475745
0.499764
0.432426
0.341277
0.339919
0.196334
0.138774
0.065017
~
37.936676
34.077054
25.212971
0.850395
0.492876
0.500531
0.438614
0.331663
0.312212
0.198889
0.138939
0.071274
~
37.818937
35.781116
25.040077
1.378093
0.533887
0.499488
0.442388
0.331101
0.304024
0.203828
0.139419
0.06812
~
37.77513
33.530155
25.394009
1.055386
0.47863
0.499394
0.442591
0.469913
0.311787
0.19565
0.139374
0.063391
~
37.867746
33.283613
25.617749
1.150389
0.630427
0.504674
0.431551
0.4043
0.311475
0.201524
0.138208
0.070688
~
37.92502
31.396313
24.565556
1.114013
0.633403
0.500503
0.415712
0.377913
0.266634
0.195844
0.138956
0.07104
~
37.807808
28.575296
23.768821
1.312578
0.462358
0.505488
0.452865
0.472902
0.312947
0.198383
0.129948
0.069665
~
37.848343
28.938784
25.118327
0.958287
0.483392
0.531004
0.432841
0.341452
0.305498
0.198447
0.138597
0.070931
~
37.90428
29.653199
24.778001
0.929533
0.682072
0.5286
0.430966
0.339833
0.310447
0.201576
0.129604
0.062718
~
37.738924
33.074284
24.734635
1.376875
0.497053
0.498742
0.436593
0.376862
0.310381
0.201066
0.138199
0.064021
~
37.820336
32.454861
24.213509
1.411336
0.495034
0.499758
0.405855
0.341368
0.311546
0.199171
0.138983
0.071545
~
37.86077
28.872789
24.220166
1.100912
0.53287
0.52854
0.435099
0.339593
0.310263
0.198545
0.138284
0.062606
~
37.738063
32.54391
27.669231
0.699127
0.485088
0.529893
0.436491
0.339636
0.303045
0.198273
0.13808
0.070741
~
37.738725
33.778805
25.51475
1.345411
0.493374
0.507809
0.442672
0.377229
0.303512
0.207372
0.137619
0.070252
~
37.885311
35.894665
24.193166
1.216634
0.471122
0.532755
0.441771
0.330413
0.310489
0.20116
0.138106
0.062676
~
37.714842
32.458696
23.841665
0.958866
0.46055
0.498772
0.404546
0.376783
0.312377
0.204678
0.13958
0.064662
~
37.951679
28.229449
26.256194
1.233381
0.462853
0.500487
0.420411
0.377776
0.312127
0.19932
0.130017
0.072292
~
37.909376
30.035563
24.696159
0.957934
0.529234
0.523401
0.426616
0.470873
0.365176
0.195995
0.139266
0.069357
~
37.770513
34.306809
26.519908
1.248359
0.482765
0.505803
0.437553
0.396074
0.304577
0.198397
0.130199
0.071513
~
37.756797
38.090496
26.04571
0.968482
0.51708
0.499124
0.442274
0.377347
0.30354
0.210319
0.138574
0.06433
~
37.805768
28.542913
25.697574
1.270148
0.504546
0.531239
0.438456
0.341757
0.313395
0.198517
0.138215
0.064194
~
37.801384
35.421179
23.939239
1.328601
0.486706
0.5178
0.443373
0.472967
0.334442
0.201306
0.138288
0.064342
~
37.814954
32.790234
24.328855
1.339651
0.677307
0.507056
0.471245
0.341017
0.312542
0.196138
0.138868
0.06902
~
37.969495
30.270208
23.173975
1.624037
0.518565
0.531076
0.437412
0.340627
0.30462
0.201702
0.130306
0.071348
~
38.071097
33.995881
25.849506
1.325269
0.478186
0.499101
0.425893
0.534176
0.311428
0.224124
0.138962
0.071417
~
104.922461
~
107.054272
~
107.224711
~
105.036171
~
103.046782
~
105.624543
~
106.418716
~
106.82668
~
109.507247
~
103.440063
~
103.039331
~
105.434047
~
110.081154
~
106.940908
~
102.177943
~
102.068434
~
108.155036
~
108.027416
~
103.613771
~
103.896741
~
106.043874
~
105.057476
~
103.112902
~
105.569397
~
108.422624
~
102.786501
~
105.09229
~
110.708513
~
105.617508
~
109.279501
~
1.626226
1.291392
1.015263
0.537023
0.545255
0.518248
0.478683
0.320029
0.308418
0.376988
0.130733
0.073012
~
1.625089
2.11551
1.491942
0.708115
0.460396
0.505564
0.601812
0.320139
0.30839
0.198695
0.130611
0.071981
~
1.624429
1.571081
0.978976
0.53432
0.531547
0.512775
0.445573
0.319904
0.308583
0.209208
0.130495
0.073242
~
1.624802
1.469693
0.977651
0.610152
0.474543
0.505609
0.475331
0.319797
0.30846
0.20625
0.1308
0.070769
~
1.625311
1.64808
1.342707
0.53424
0.474205
0.523813
0.567279
0.31996
0.308347
0.207727
0.130925
0.070831
~
1.624255
1.428751
1.65302
0.539134
0.474534
0.524211
0.550044
0.320181
0.308391
0.199175
0.130707
0.073185
~
1.624663
1.808283
1.618076
0.518669
0.475181
0.505638
0.407307
0.319885
0.315889
0.351556
0.130797
0.073222
~
1.624991
2.572238
0.866646
0.51891
0.47434
0.524195
0.476469
0.319903
0.32346
0.202227
0.130398
0.070811
~
1.624828
2.461184
1.8797
0.535121
0.474757
0.536529
0.407069
0.319811
0.308453
0.202183
0.13052
0.073136
~
1.625092
1.005649
1.02406
0.535101
0.545479
0.505425
0.517529
0.320275
0.308263
0.19877
0.1306
0.07313
~
1.624987
1.98999
0.873386
0.534174
0.538903
0.511724
0.464348
0.319851
0.323659
0.206296
0.139184
0.072777
~
1.625172
1.005171
0.969318
0.518837
0.545082
0.523915
0.464057
0.319876
0.308317
0.379152
0.130777
0.073171
~
1.624791
1.810219
1.728234
0.534093
0.474033
0.511315
0.455049
0.319588
0.307508
0.196336
0.12987
0.07257
~
1.624332
1.003095
1.513786
0.536556
0.474517
0.498219
0.407245
0.320231
0.307288
0.211002
0.130281
0.068038
~
1.625329
1.554516
0.792017
0.534192
0.475074
0.505899
0.967683
0.320462
0.308636
0.198843
0.130406
0.073202
~
1.624945
1.42401
1.041602
0.577009
0.475272
0.52512
0.425203
0.340337
0.32416
0.202672
0.130008
0.079822
~
1.625887
1.30458
1.145579
0.592394
0.476014
0.524883
0.41938
0.339605
0.298771
0.206019
0.130715
0.070802
~
1.624946
1.557315
0.810872
0.518604
0.474337
0.511492
0.407191
0.320332
0.308231
0.210676
0.130328
0.070887
~
1.627072
1.085896
1.335255
0.517824
0.473361
0.526079
0.458033
0.320098
0.323675
0.196
0.130236
0.07311
~
1.624604
1.142663
1.310028
0.533967
0.474941
0.523822
0.554066
0.320148
0.308366
0.263653
0.1308
0.07192
~
1.62396
1.55427
2.116091
0.534792
0.538492
0.511697
0.458008
0.320145
0.359459
0.2077
0.130325
0.073081
~
1.624541
1.343062
1.368828
0.518332
0.474386
0.511676
0.46691
0.328853
0.306456
0.20342
0.130262
0.081008
~
1.624106
2.026356
1.041688
0.534177
0.474484
0.511671
0.458877
0.31983
0.308403
0.21244
0.130269
0.073224
~
1.636326
1.65687
1.589945
0.555361
0.475035
0.506575
0.45918
0.320981
0.308862
0.216969
0.130371
0.072946
~
1.626472
1.133241
0.94102
0.519474
0.554319
0.5067
0.475416
0.320451
0.308945
0.23326
0.138297
0.073126
~
1.626471
1.00541
1.933322
0.595637
0.461163
0.519316
0.498686
0.320928
0.308964
0.211113
0.130194
0.071763
~
1.626508
1.529578
0.95377
0.537815
0.475358
0.506496
0.471703
0.320326
0.308619
0.246099
0.13051
0.07338
~
1.625576
1.888552
1.024659
0.580317
0.460226
0.524349
0.467108
0.320189
0.308587
0.212425
0.130029
0.074887
~
1.626374
2.038598
0.810953
0.581613
0.475659
0.512718
0.441064
0.321514
0.307245
0.207739
0.130293
0.07301
~
1.626262
1.632632
1.329448
0.519129
0.539537
0.524737
0.427784
0.319817
0.297965
0.207865
0.129613
0.072529
~
33.946826
31.415406
25.34407
0.671996
0.469215
0.516899
0.454023
0.37765
0.30452
0.201821
0.139417
0.062221
~
33.962554
29.870815
27.153186
1.233277
0.760598
0.499946
0.42383
0.377363
0.379729
0.196241
0.139447
0.06502
~
34.035221
28.845927
25.049132
1.324136
0.478438
0.499304
0.441173
0.340222
0.310785
0.201741
0.130823
0.071673
~
33.967096
28.660119
24.560735
1.434431
0.477094
0.500596
0.470112
0.37833
0.322981
0.196372
0.138532
0.072837
~
34.031191
32.899005
26.650993
0.908875
0.562344
0.522962
0.431976
0.470781
0.303475
0.198566
0.138498
0.06852
~
33.956094
31.613229
24.750196
0.826286
0.538291
0.524118
0.431764
0.340587
0.314568
0.198574
0.139317
0.064579
~
33.938713
30.923311
25.956788
0.654622
0.490554
0.505899
0.442948
0.377219
0.319846
0.201283
0.130208
0.071445
~
33.938653
29.585942
26.873241
1.20015
0.485622
0.499589
0.432773
0.377366
0.312252
0.20714
0.138407
0.068265
~
34.061871
32.904495
25.494414
1.300294
0.475442
0.529466
0.442152
0.34563
0.304
0.199021
0.138742
0.063513
~
34.001864
33.631898
24.14853
1.262479
0.494515
0.505698
0.435452
0.433033
0.302725
0.262823
0.139187
0.069354
~
33.951568
30.313988
26.320963
0.700397
0.511825
0.49978
0.426548
0.442061
0.311933
0.201686
0.139295
0.071436
~
33.937335
30.084977
25.823639
1.072324
0.468911
0.517211
0.437522
0.340226
0.311015
0.198702
0.138924
0.076708
~
34.130418
29.437364
24.221912
1.306656
0.604889
0.500744
0.443646
0.341129
0.305081
0.196042
0.139223
0.073437
~
34.098228
27.826963
25.452161
0.699486
0.481452
0.499062
0.443076
0.340081
0.30345
0.200784
0.137979
0.070343
~
33.945514
28.170127
24.890249
0.949815
0.494853
0.504993
0.419306
0.340218
0.31077
0.195478
0.137946
0.062263
~
34.005392
29.6229
24.84767
1.302542
0.474942
0.498883
0.445024
0.341237
0.311281
0.199246
0.139233
0.071301
~
33.99342
35.442165
25.301692
1.338156
0.494157
0.506339
0.422593
0.378669
0.313781
0.202753
0.1393
0.069242
~
33.974533
34.842563
25.929042
0.699199
0.523923
0.522304
0.426813
0.432283
0.29431
0.201522
0.137863
0.063576
~
33.935892
31.962593
24.010193
1.278493
~
34.157418
28.372882
24.28236
1.062378
0.463032
0.500631
0.432539
0.332832
0.312021
0.204963
0.138617
0.068725
~
33.976447
35.336997
24.609949
0.911862
0.465471
0.506813
0.405951
0.378782
0.313666
0.197016
0.130203
0.064457
~
33.984928
29.391193
25.907099
1.095293
0.542963
0.498914
0.448512
0.340532
0.311136
0.198744
0.129854
0.06919
~
34.13347
27.28362
25.021596
0.7011
0.518444
0.500465
0.444294
0.341444
0.313756
0.23108
0.139144
0.0635
~
33.992622
32.110893
23.759659
1.433769
0.472057
0.499403
0.427071
0.377315
0.303563
0.196521
0.138734
0.062197
~
34.015435
29.929599
24.282831
1.055261
0.490167
0.529632
0.432011
0.340652
0.33578
0.210897
0.138959
0.063417
~
34.076182
29.70364
25.786824
0.699569
0.483362
0.529088
0.437149
0.364553
0.311795
0.196108
0.139665
0.064864
~
33.958399
31.121759
25.55328
0.700003
0.503846
0.52944
0.427427
0.341006
0.303955
0.199126
0.139125
0.069441
~
33.983238
33.537736
25.206669
1.212135
0.497479
0.517428
0.432581
0.396658
0.324467
0.196442
0.130374
0.069368
~
33.966576
32.241274
25.208013
0.786814
0.465418
0.500851
0.488748
0.332089
0.312792
0.193206
0.139108
0.071524
~
34.099238
31.71028
24.743833
1.167211
0.478107
0.49932
0.43003
0.376756
0.2983
0.195526
0.138196
0.068354
~
35.389666
31.377091
24.942939
0.701717
0.493254
0.506912
0.438375
0.341158
0.311453
0.201442
0.129863
0.061566
~
35.456358
30.741779
24.75959
1.015976
0.468718
0.499015
0.427386
0.376847
0.311523
0.201439
0.137685
0.068518
~
35.469659
30.125354
23.652236
1.185328
0.485509
0.529334
0.431902
0.3312
0.310993
0.196065
0.138161
0.071137
~
35.4501
33.228185
24.295634
0.960162
0.464635
0.499546
0.437973
0.341761
0.314777
0.198592
0.137988
0.068707
~
35.478819
31.79257
26.209763
1.094236
0.493991
0.529403
0.437414
0.3404
0.303441
0.198701
0.13823
0.07116
~
35.438904
31.557256
23.314586
1.336562
0.677395
0.529376
0.437276
0.37725
0.30367
0.19871
0.138242
0.071191
~
35.407968
30.30947
24.41032
0.701013
0.484811
0.532082
0.465113
0.341243
0.312564
0.205159
0.139241
0.061863
~
35.445378
32.146385
24.620714
0.871731
0.480011
0.506894
0.443822
0.341296
0.31253
0.204754
0.139232
0.069224
~
35.559954
29.84033
25.097094
0.701524
0.503482
0.530655
0.43809
0.341271
0.305416
0.198929
0.130241
0.070165
~
35.432295
36.196522
23.686909
0.699649
0.493788
0.529858
0.431604
0.341082
0.304327
0.210603
0.137779
0.064861
~
35.451184
32.564092
25.255063
0.781938
0.557507
0.511763
0.431802
0.479465
0.294703
0.202621
0.141623
0.064299
~
35.584267
31.711138
24.347168
0.700379
0.464345
0.500115
0.430682
0.377821
0.304617
0.289983
0.130733
0.069212
~
35.40582
31.721619
25.531312
0.700347
0.49167
0.500861
0.44404
0.378234
0.305195
0.196181
0.139265
0.0681
~
35.564261
30.535816
24.317687
0.687276
0.516814
0.5
0.479602
0.380352
0.295245
0.195595
0.138315
0.075831
~
35.616339
29.354518
25.103971
0.700336
0.47838
0.499444
0.442762
0.331505
0.311291
0.19325
0.129966
0.064463
~
35.418058
31.096962
28.035516
1.033364
0.571321
0.499317
0.684463
0.340455
0.310872
0.196429
0.138457
0.066386
~
35.445231
29.32255
23.255696
1.203878
0.494062
0.506298
0.428477
0.379654
0.305291
0.205236
0.137808
0.072257
~
35.58384
29.181983
24.116876
0.700672
0.472781
0.506357
0.432509
0.332344
0.311957
0.199335
0.12975
0.070792
~
35.66254
34.851526
23.304467
0.684009
0.594666
0.530719
0.442759
0.340459
0.311434
0.198791
0.138904
0.06453
~
35.437657
35.720555
24.649214
0.70817
0.568269
0.529301
0.432509
0.432476
0.303982
0.198231
0.129283
0.070539
~
35.457535
31.86889
24.323833
0.848159
0.462374
0.499726
0.438602
0.460786
0.312295
0.19853
0.139347
0.071391
~
35.428482
35.192789
25.596352
1.258587
0.465198
0.506878
0.443417
0.480145
0.304887
0.202133
0.139188
0.071306
~
35.457972
31.59442
24.830176
1.700506
0.495986
0.500453
0.427426
0.470758
0.305267
0.196896
0.139021
0.075396
~
35.470331
33.140708
25.766666
0.687115
0.548032
0.505837
0.415327
0.340345
0.311037
0.198947
0.138961
0.063298
~
35.510034
30.915741
24.360135
1.532688
0.525905
0.499054
0.443149
0.340541
0.311365
0.227125
0.137829
0.064031
~
35.398438
31.982952
24.240343
0.700445
0.504822
0.530023
0.427166
0.341413
0.311511
0.219421
0.138295
0.068801
~
35.438417
32.991517
26.268173
0.710331
0.490834
0.518967
0.432145
0.332123
0.312604
0.199625
0.130493
0.070949
~
35.477396
33.366326
24.602678
1.393942
0.462435
0.50549
0.436304
0.377578
0.307539
0.201964
0.138164
0.072636
~
35.554231
32.236144
25.795383
0.683965
0.569451
0.499693
0.442773
0.340499
0.31206
0.204064
0.139353
0.070896
~
35.555576
34.328021
23.05579
0.700542
0.464583
0.5058
0.427671
0.341492
0.312163
0.198665
0.129776
0.064643
~
92.975895
~
98.35294
~
98.714221
~
97.075364
~
98.588791
~
98.778511
~
98.364302
~
98.248875
~
98.69013
~
97.598046
~
94.276503
~
92.439028
~
94.490222
~
99.234641
~
92.190321
~
92.392951
~
98.48898
~
92.994295
~
93.909679
~
99.909129
~
92.881899
~
93.818831
~
94.078793
~
91.735449
~
97.880637
~
98.23866
~
93.547231
~
98.809755
~
94.763645
~
99.066823
~
108.511485
~
99.293067
~
100.293949
~
101.11487
~
98.643747
~
100.4737
~
99.069842
~
106.205329
~
100.175807
~
97.827456
~
110.329361
~
108.922401
~
106.782682
~
109.827961
~
106.881537
~
105.376665
~
99.915288
~
100.49868
~
100.927142
~
99.415974
~
102.376349
~
111.300177
~
107.981072
~
108.80363
~
100.143859
~
98.646347
~
99.396257
~
100.697856
~
100.072242
~
99.45732
~
95.283181
~
96.465626
~
93.304767
~
100.87531
~
93.412922
~
100.919061
~
96.140389
~
109.619415
~
94.342969
~
94.920252
~
95.551639
~
93.778919
~
97.173056
~
99.451635
~
93.78568
~
101.441564
~
93.047663
~
94.294545
~
96.304303
~
104.026156
~
92.468225
~
98.373137
~
102.806109
~
92.300562
~
107.499204
~
95.048135
~
93.314279
~
99.770696
~
91.646926
~
92.865523
~
44.025833
34.209255
23.458358
0.701276
0.622896
0.524793
0.432739
0.341529
0.312767
0.19623
0.139199
0.064544
~
49.255522
35.890304
24.005244
0.712727
0.487388
0.528128
0.43031
0.343675
0.308515
0.199162
0.132614
0.073176
~
53.786796
30.585095
24.607965
0.759971
0.462896
0.525582
0.410868
0.341311
0.295509
0.198978
0.130133
0.071446
~
43.604976
36.32126
23.762073
0.704769
0.467081
0.533699
0.435202
0.343501
0.308461
0.206995
0.14161
0.073076
~
66.907482
33.379931
25.926636
0.708801
0.496823
0.524877
0.431383
0.405938
0.312542
0.196623
0.130255
0.065711
~
41.372028
29.650735
24.831436
0.701175
0.464814
0.5445
0.432434
0.341194
0.312565
0.228097
0.132521
0.071282
~
53.570588
32.467988
23.718075
0.875799
0.464696
0.507014
0.443163
0.378085
0.29564
0.220243
0.139276
0.065669
~
93.632504
29.553633
24.240787
0.758098
0.463819
0.523648
0.426461
0.414416
0.303934
0.198899
0.138768
0.064543
~
40.639373
34.114619
25.513464
0.855011
0.528064
0.52974
0.431943
0.340541
0.311394
0.19897
0.138681
0.071292
~
36.955489
35.503348
25.167724
0.721097
0.501837
0.509464
0.418866
0.343611
0.316451
0.240257
0.141589
0.069626
~
41.814297
29.16332
23.861777
0.720264
0.554067
0.521359
0.430056
0.343755
0.316058
0.207055
0.141577
0.063616
~
40.230806
33.531692
23.069036
0.692436
0.490491
0.529609
0.42677
0.340596
0.294717
0.199043
0.132857
0.06626
~
91.2469
32.700559
22.911897
0.707263
0.540587
0.529098
0.431839
0.3773
0.349205
0.195759
0.138107
0.076215
~
39.194618
37.81625
25.437209
0.683722
0.463333
0.547605
0.419623
0.343844
0.328576
0.218898
0.132625
0.073138
~
40.666805
36.700467
22.632709
0.669423
0.494572
0.519057
0.425635
0.334552
0.316302
0.201971
0.132628
0.072977
~
62.291793
34.031369
24.445334
0.704843
0.499747
0.521295
0.430249
0.343476
0.38033
0.201894
0.132765
0.073028
~
90.365878
31.610602
25.512836
0.715657
0.490638
0.529532
0.426756
0.340193
0.30398
0.198139
0.138161
0.061279
~
47.497527
30.120628
23.414111
0.775915
0.536826
0.533362
0.435235
0.372987
0.308307
0.200952
0.132365
0.066456
~
51.324681
31.62933
25.051592
0.701101
0.527762
0.531035
0.438004
0.331953
0.341537
0.199285
0.130392
0.071346
~
38.054622
29.136406
24.174215
0.700535
0.481977
0.529705
0.459914
0.382053
0.337995
0.198801
0.141615
0.073238
~
59.077557
33.447207
25.087845
0.700177
0.464471
0.50557
0.442758
0.377616
0.294547
0.22614
0.138964
0.065793
~
51.868596
30.944547
24.478963
0.797185
0.511419
0.537942
0.427436
0.341345
0.305403
0.199089
0.130119
0.064661
~
36.283433
32.595133
24.435268
0.771509
0.498692
0.499385
0.426665
0.377488
0.304713
0.199073
0.13872
0.071368
~
56.250363
35.609382
24.319325
0.700883
0.502879
0.525894
0.422486
0.341078
0.30546
0.199718
0.130347
0.071478
~
36.800854
30.51951
24.586976
0.693621
0.495663
0.509301
0.446616
0.344435
0.315929
0.200998
0.132357
0.066283
~
79.752414
34.267345
23.953657
0.701587
0.50417
0.531006
0.432879
0.341403
0.312725
0.199033
0.139226
0.063136
~
93.645602
32.165209
24.665417
0.711266
0.521145
0.519133
0.422943
0.332473
0.314092
0.199406
0.130109
0.071148
~
48.08659
34.922685
23.778464
0.597759
0.465302
0.529628
0.432349
0.34073
0.311578
0.199023
0.130382
0.069313
~
52.677601
30.295048
23.501296
1.630644
0.450167
0.520912
0.429845
0.344398
0.324894
0.204074
0.141497
0.073315
~
57.609133
30.076656
24.70513
0.701567
0.480227
0.50669
0.438324
0.341111
0.312681
0.19902
0.13883
0.064489
~
98.940075
30.423321
24.869951
0.80185
0.515258
0.521459
0.474423
0.503095
0.308651
0.201587
0.132697
0.073311
~
98.918891
37.976671
25.590008
0.728937
0.524392
0.546506
0.419004
0.343425
0.337017
0.201312
0.141256
0.072128
~
46.109758
28.952941
25.977129
0.598337
0.466831
0.52081
0.423586
0.34423
0.298047
0.25426
0.132292
0.073226
~
98.962487
29.441563
26.094235
0.700393
0.825101
0.517267
0.432042
0.377494
0.311302
0.19622
0.13907
0.071461
~
102.006527
29.770757
24.33595
0.626359
0.485157
0.517754
0.426622
0.395659
0.303897
0.21371
0.129337
0.070541
~
101.010954
31.791887
24.982805
0.595939
0.600088
0.525039
0.438204
0.341244
0.31267
0.198965
0.14166
0.066137
~
100.557179
32.867307
25.687089
0.587418
0.466339
0.542409
0.431626
0.37731
0.265878
0.220093
0.13814
0.064846
~
99.073399
30.070949
23.71461
0.56016
0.504688
0.533213
0.434954
0.382009
0.308078
0.198708
0.141596
0.066376
~
99.406728
28.598089
25.501176
0.684607
0.463996
0.517725
0.431885
0.340513
0.29465
0.200984
0.132432
0.070721
~
75.576835
29.524554
23.882156
0.792342
0.490747
0.527276
0.440406
0.457502
0.298221
0.22914
0.132445
0.073298
~
99.378758
30.061122
23.313887
0.669339
0.501958
0.531036
0.433144
0.341171
0.312704
0.196222
0.139243
0.063298
~
101.585674
32.47788
26.742419
0.701286
0.577258
0.532082
0.442433
0.339938
0.311583
0.21402
0.137777
0.070554
~
98.636327
27.138812
24.045276
0.643838
0.523899
0.529937
0.437496
0.340596
0.303804
0.21746
0.130154
0.07029
~
104.460785
28.238434
24.581577
0.595866
0.465819
0.543174
0.426771
0.387031
0.303969
0.199191
0.130074
0.069202
~
98.505109
29.993919
24.466483
0.598358
0.4803
0.52113
0.45201
0.338777
0.311521
0.252197
0.130035
0.071497
~
58.478314
28.398776
24.16293
0.579807
0.463775
0.535797
0.421534
0.342409
0.311315
0.199004
0.130232
0.069261
~
98.133261
35.586529
25.498933
0.581403
0.463791
0.517466
0.444294
0.340441
0.303745
0.217981
0.130362
0.069209
~
98.762747
29.615194
24.306067
0.901921
0.597923
0.52417
0.426686
0.340693
0.336379
0.202447
0.13014
0.071299
~
102.390559
30.455056
23.410479
0.659297
0.500341
0.517014
0.439504
0.335887
0.309173
0.254086
0.13276
0.071226
~
88.598071
31.737178
23.590426
0.623753
0.466896
0.546666
0.431138
0.345254
0.340592
0.253531
0.132805
0.066254
~
98.633561
29.135155
25.453931
0.836743
0.490068
0.524845
0.432752
0.43375
0.312699
0.210912
0.13883
0.064651
~
76.966478
31.133663
23.273573
0.576386
0.513473
0.550895
0.433249
0.34137
0.304502
0.198513
0.138264
0.070782
~
67.753404
29.913039
24.972516
0.82281
0.506955
0.521176
0.440646
0.335023
0.315686
0.201007
0.141101
0.073413
~
101.646342
27.692102
22.928536
0.810544
0.538616
0.527084
0.434805
0.381867
0.3055
0.201381
0.132405
0.071093
~
99.078844
30.867819
25.442168
0.687977
0.484601
0.521066
0.429995
0.344388
0.298136
0.200754
0.141165
0.071668
~
99.232672
29.61088
23.755756
0.590904
0.46573
0.552496
0.428906
0.343796
0.315175
0.194938
0.13225
0.075551
~
101.535063
29.171372
26.118465
0.590556
0.505396
0.519
0.43627
0.343878
0.316323
0.201227
0.14209
0.064937
~
78.572529
30.218833
24.793543
0.596773
0.465696
0.517366
0.414835
0.340282
0.311304
0.198444
0.129383
0.069322
~
99.950372
30.418722
25.608899
0.590117
0.466605
0.517845
0.431767
0.331392
0.311471
0.204596
0.130099
0.071424
~
98.864516
28.765182
26.402061
0.784169
0.465469
0.517734
0.421506
0.340686
0.311518
0.199175
0.138911
0.083801
~
100.516118
~
98.966542
~
103.052222
~
98.173587
~
100.853732
~
102.168509
~
98.626174
~
99.160644
~
100.172869
~
98.020923
~
99.659969
~
102.623268
~
104.390696
~
102.885957
~
99.041549
~
100.549558
~
98.791323
~
102.636482
~
99.876689
~
102.558312
~
99.146597
~
100.159001
~
100.514677
~
100.369268
~
106.45679
~
101.053591
~
100.251784
~
100.646552
~
98.83335
~
106.055059
~
103.545255
~
97.296103
~
103.496777
~
100.751061
~
101.51151
~
101.956368
~
102.442243
~
103.23258
~
103.567081
~
97.555217
~
102.79437
~
100.769116
~
102.364479
~
100.372596
~
98.969613
~
98.209912
~
101.885127
~
101.354094
~
106.572413
~
102.721812
~
98.953462
~
99.34426
~
106.32026
~
100.853441
~
104.356372
~
100.98797
~
100.332116
~
102.262973
~
104.846933
~
100.296524
~
100.013128
~
98.489794
~
101.617414
~
96.751866
~
97.312171
~
98.163718
~
99.827398
~
99.590489
~
101.221614
~
100.705802
~
98.697407
~
99.266367
~
96.915937
~
96.286605
~
101.780574
~
98.282617
~
101.518622
~
96.766274
~
99.097733
~
98.494346
~
99.854736
~
97.72891
~
99.273451
~
99.522583
~
98.16178
~
99.198429
~
100.384189
~
97.964697
~
100.505856
~
95.328557
~
