43.141944
38.39592
26.330939
0.638407
0.53899
0.546316
0.467264
0.231491
0.194542
0.144452
0.102253
0.049439
~
43.00514
77.507785
27.790654
0.639495
0.551734
0.531683
0.443562
0.236844
0.195915
0.141203
0.086391
0.04802
~
42.768506
45.84824
26.285195
0.621153
0.554373
0.54754
0.458523
0.237383
0.191836
0.15258
0.08842
0.048563
~
42.772982
55.329613
26.161955
0.62601
0.544491
0.546183
0.411907
0.237526
0.190938
0.148962
0.096403
0.048619
~
43.943052
60.395473
27.29194
0.653771
0.574403
0.563309
0.413447
0.24513
0.196008
0.151485
0.089275
0.045835
~
43.907065
40.582107
27.398613
0.663819
0.570859
0.544856
0.48024
0.24383
0.19393
0.153865
0.100041
0.050492
~
43.386019
37.724028
25.45366
0.729289
0.561025
0.541445
0.466308
0.247501
0.196564
0.147042
0.10233
0.049118
~
43.374611
68.20792
27.440293
0.654527
0.554434
0.555288
0.478134
0.239415
0.195378
0.149511
0.11991
0.051577
~
43.565812
36.920957
25.332374
0.686177
0.565918
0.547112
0.486023
0.232771
0.196107
0.149424
0.090807
0.04991
~
43.628361
37.095411
28.175435
0.658809
0.569383
0.540445
0.725736
0.245103
0.193845
0.15532
0.096802
0.047808
~
43.389018
67.59734
26.722022
0.676379
0.54934
0.550006
0.754061
0.244156
0.200855
0.155625
0.123576
0.048898
~
43.350491
69.84988
26.253674
0.65728
0.560764
0.555978
0.473081
0.239476
0.197576
0.151347
0.101549
0.046192
~
43.573617
91.190389
26.190895
0.650578
0.57038
0.545639
0.488341
0.242605
0.1969
0.157542
0.120337
0.052214
~
43.569798
49.701904
26.225301
0.649568
0.57384
0.553342
0.462806
0.244253
0.197846
0.150131
0.119806
0.051205
~
43.490532
73.938185
26.478871
0.652127
0.592076
0.560939
0.439634
0.242757
0.189734
0.153709
0.093926
0.053053
~
43.478535
33.723826
25.522932
0.668843
0.586635
0.582914
0.491798
0.2524
0.203221
0.162902
0.094702
0.049589
~
43.240578
39.17072
25.700297
0.653392
0.566433
0.539142
0.721659
0.234739
0.198152
0.150313
0.104716
0.049013
~
43.199162
70.457117
27.553748
0.640242
0.558988
0.534258
0.729266
0.234033
0.190472
0.147009
0.114125
0.048823
~
42.861751
32.60952
25.421735
0.742418
0.55225
0.542407
0.685449
0.231764
0.197096
0.155754
0.088318
0.049197
~
42.795036
88.657787
25.224385
0.710897
0.557899
0.534555
0.453265
0.233661
0.186644
0.145181
0.0973
0.049041
~
42.925339
48.768107
26.113312
0.786115
0.558725
0.542616
0.397269
0.238035
0.189442
0.147993
0.114433
0.048963
~
42.897989
55.052979
27.382354
0.648722
0.552814
0.54326
0.674073
0.238138
0.189366
0.143233
0.098328
0.049252
~
42.937787
40.703159
26.08134
0.643864
0.537573
0.536875
0.479546
0.237448
0.186336
0.160555
0.088911
0.04895
~
43.131711
43.234019
26.473084
0.627639
0.576483
0.547207
0.410028
0.235111
0.197383
0.152013
0.089418
0.049504
~
44.228912
59.864142
25.664118
0.69424
0.581413
0.541511
0.468761
0.23836
0.193226
0.147554
0.09811
0.049317
~
42.930866
73.098435
27.413262
0.653448
0.555466
0.550614
0.434532
0.246697
0.194426
0.149542
0.116388
0.049136
~
43.454305
36.025441
27.865533
0.650502
0.568297
0.557118
0.75218
0.254111
0.205745
0.162245
0.116539
0.049362
~
43.494509
63.319868
24.463407
0.641423
0.508087
0.559783
0.450413
0.263375
0.222407
0.178319
0.114142
0.052592
~
43.525678
53.153616
26.100408
0.6453
0.5651
0.54634
0.707041
0.237417
0.195021
0.157082
0.120751
0.051402
~
43.102386
46.81695
27.519682
0.635237
0.557838
0.533312
0.406224
0.23294
0.188496
0.160704
0.105809
0.048638
~
116.782056
~
117.353504
~
113.607833
~
114.166994
~
116.941471
~
113.165938
~
118.129764
~
117.06326
~
115.888137
~
116.055421
~
118.416505
~
117.663627
~
116.141112
~
115.606325
~
112.184317
~
114.629739
~
116.551104
~
116.346519
~
115.230998
~
115.38753
~
117.034205
~
113.735828
~
113.946081
~
113.714057
~
115.834281
~
113.284066
~
115.915994
~
115.665065
~
116.45396
~
116.489059
~
1.30675
1.602007
1.07389
0.617356
0.668915
0.474487
0.280575
0.238432
0.19099
0.14035
0.083027
0.048002
~
1.307483
1.282416
0.853641
0.618575
0.637694
0.495592
0.283117
0.238415
0.186056
0.142904
0.084688
0.049299
~
1.312458
1.189928
0.90889
0.624536
0.664773
0.560498
0.276913
0.238387
0.193574
0.140904
0.084397
0.048918
~
1.311212
1.543588
1.490129
0.618659
0.660905
0.554071
0.275931
0.233106
0.194501
0.138954
0.084055
0.048911
~
1.310819
1.930046
0.919662
0.62256
0.629169
0.526845
0.283773
0.238197
0.18978
0.139907
0.083651
0.046934
~
1.317314
1.084894
1.118382
0.624171
0.6707
0.627727
0.282692
0.236041
0.187193
0.138906
0.08487
0.0487
~
1.308662
1.143504
0.770197
0.623177
0.664169
0.520186
0.279325
0.237603
0.188151
0.145569
0.082008
0.04732
~
1.309265
1.180765
1.284895
0.623744
0.613588
0.563498
0.28087
0.235306
0.184503
0.156411
0.084391
0.047238
~
1.309045
1.252953
1.065703
0.619917
0.659592
0.550353
0.278533
0.237409
0.196198
0.141556
0.084204
0.048609
~
1.310781
1.234467
1.294268
0.621069
0.662992
0.660525
0.282731
0.238113
0.19428
0.140305
0.08026
0.045686
~
1.325799
1.456152
1.248483
0.619402
0.666626
0.552337
0.27882
0.23922
0.196075
0.141246
0.083868
0.048767
~
1.306898
1.059861
1.198305
0.624996
0.639112
0.532939
0.279091
0.240265
0.194715
0.150668
0.08309
0.048711
~
1.313247
1.258594
0.93303
0.623695
0.666105
0.561526
0.281377
0.237776
0.193689
0.134512
0.085262
0.04818
~
1.308834
1.214599
0.915663
0.616585
0.669652
0.549571
0.2775
0.232611
0.191855
0.154733
0.08503
0.04907
~
1.309716
1.152154
1.233455
0.61761
0.661164
0.562998
0.282856
0.236807
0.184847
0.142227
0.083688
0.048563
~
1.315626
1.911557
1.2883
0.611047
0.66077
0.569493
0.27877
0.236605
0.192524
0.156955
0.082088
0.047254
~
1.313055
1.361352
0.740704
0.881704
0.649595
0.466815
0.27859
0.236451
0.191817
0.139224
0.085663
0.047486
~
1.304163
1.258594
1.191589
0.607328
0.66755
0.535569
0.273509
0.239485
0.194501
0.148623
0.085101
0.048751
~
1.307798
1.907164
0.945463
0.619499
0.677138
0.549228
0.283232
0.239471
0.190048
0.15372
0.082931
0.049445
~
1.311089
1.490712
0.761309
0.623652
0.663527
0.525226
0.28362
0.237067
0.188317
0.14016
0.085072
0.048691
~
1.311067
1.513001
0.740583
0.624361
0.662894
0.534024
0.28046
0.236421
0.192575
0.139361
0.082731
0.047689
~
1.308111
1.242251
0.919187
0.617739
0.650408
0.492922
0.28329
0.237807
0.18988
0.139841
0.082105
0.047463
~
1.309267
1.196554
0.758251
0.619036
0.667897
0.541996
0.281838
0.239027
0.194211
0.136855
0.082542
0.049323
~
1.31005
1.214457
0.756617
0.625541
0.6696
0.548735
0.280279
0.238766
0.185601
0.151073
0.084935
0.048767
~
1.31043
1.560372
0.736678
0.624182
0.664745
0.517024
0.279013
0.237851
0.188319
0.153607
0.082968
0.049215
~
1.308792
1.197629
0.70121
0.626463
0.66083
0.548515
0.283943
0.238317
0.189691
0.135274
0.080754
0.046623
~
1.31229
1.206202
0.94226
0.619126
0.637258
0.485233
0.281554
0.238928
0.19435
0.152039
0.083503
0.047267
~
1.311815
1.532766
0.949376
0.770702
0.674381
0.553109
0.279498
0.23724
0.196101
0.142702
0.082152
0.048327
~
1.311774
1.718093
1.118136
0.620755
0.676258
0.51577
0.279964
0.23892
0.190295
0.155568
0.083654
0.046771
~
1.320775
1.947717
1.154842
0.603026
0.637628
0.560217
0.328305
0.25429
0.193154
0.13569
0.078747
0.050492
~
36.929316
30.373697
24.072447
0.664724
0.544574
0.539154
0.64411
0.239216
0.189389
0.150041
0.089948
0.047661
~
36.9644
34.787676
25.04476
0.645802
0.562509
0.541464
0.463021
0.239673
0.19202
0.14164
0.105967
0.04749
~
36.972181
28.868004
24.214837
0.659843
0.544214
0.535222
0.461783
0.236911
0.188486
0.148686
0.100182
0.047396
~
36.737751
31.591625
27.487713
0.690791
0.575554
0.546767
0.478645
0.241369
0.190433
0.148461
0.087054
0.049605
~
36.864716
28.430875
23.219355
0.653379
0.587213
0.556621
0.449641
0.237564
0.196216
0.16544
0.099712
0.048225
~
36.984353
30.729816
23.861464
0.651307
0.536899
0.532252
0.719665
0.230723
0.195773
0.146888
0.101624
0.048924
~
36.941952
30.561351
26.855425
0.650397
0.543314
0.54639
0.453647
0.239184
0.18999
0.151716
0.12525
0.049708
~
36.936952
29.842502
27.998131
0.664938
0.546023
0.544884
0.404885
0.239924
0.199884
0.147752
0.118867
0.047827
~
36.915366
30.110183
25.808747
0.662787
0.603844
0.542063
0.413533
0.241439
0.193496
0.151995
0.087858
0.047312
~
37.033501
29.481732
28.431388
0.648476
0.564048
0.546618
0.451133
0.241643
0.194372
0.153214
0.102284
0.051571
~
36.951983
28.35229
25.592517
0.632245
0.548764
0.539037
0.410343
0.235391
0.189098
0.148282
0.12203
0.050631
~
36.946312
27.956461
25.336927
0.745409
0.559458
0.551541
0.47466
0.233995
0.192861
0.151402
0.094382
0.049467
~
36.868153
28.893062
26.552334
0.740353
0.570344
0.545364
0.699687
0.243715
0.191603
0.153927
0.090112
0.049783
~
36.649457
28.609578
27.427177
0.655801
0.554018
0.547041
0.934628
0.238733
0.202323
0.15477
0.105673
0.0491
~
36.979296
30.647297
27.518389
0.640386
0.560792
0.537849
0.749878
0.233944
0.189616
0.149075
0.123251
0.048803
~
36.868378
33.673329
26.159869
0.618608
0.541618
0.529799
0.682233
0.232779
0.191329
0.148036
0.118289
0.047804
~
36.732772
30.593619
23.917898
0.625016
0.55671
0.540509
0.872442
0.238045
0.193869
0.145396
0.115717
0.048943
~
36.628925
29.74536
25.580314
0.674649
0.555351
0.543896
0.426109
0.230525
0.189887
0.147411
0.088746
0.049338
~
36.528612
29.705275
25.270593
1.502634
0.575591
0.527331
0.479499
0.237021
0.186214
0.143122
0.100157
0.047146
~
36.610518
27.426612
25.620351
0.638504
0.571351
0.537156
0.451935
0.236386
0.191923
0.144843
0.124423
0.048855
~
36.455938
29.345688
25.975091
0.616559
0.537966
0.544006
0.804789
0.238061
0.198796
0.148437
0.105805
0.048714
~
36.801046
27.830668
25.891438
0.931387
0.556404
0.540055
0.829031
0.236597
0.186247
0.147912
0.096893
0.048601
~
36.730207
29.156327
25.801365
0.744343
0.552185
0.542773
0.468884
0.236633
0.184303
0.145185
0.097185
0.047627
~
36.602352
30.379563
25.196925
0.630511
0.57693
0.533089
0.467695
0.240141
0.190494
0.146935
0.087893
0.047272
~
36.716025
29.79263
25.291056
0.619191
0.554095
0.54012
0.904079
0.239254
0.188273
0.156449
0.089352
0.048912
~
36.830583
29.533647
26.0434
0.636444
0.541002
0.543286
0.696952
0.233846
0.193053
0.147872
0.095536
0.047975
~
36.716983
29.503203
25.527472
0.627234
0.56489
0.545011
0.457386
0.234444
0.192239
0.148051
0.097443
0.048562
~
36.801356
28.661639
25.850936
0.670297
0.555374
0.541101
0.458694
0.23783
0.19271
0.160075
0.089521
0.048311
~
36.733578
28.808348
27.447463
0.713529
0.555566
0.543022
0.663029
0.238545
0.18633
0.144402
0.118631
0.048971
~
36.778335
29.230035
26.760289
0.652777
0.559692
0.544917
0.414631
0.23553
0.191628
0.153434
0.118277
0.048427
~
94.13156
29.024293
30.358897
0.716081
0.55897
0.526227
0.74271
0.237329
0.189162
0.141381
0.099577
0.048833
~
59.72942
31.260756
26.204241
0.724977
0.55799
0.535472
0.46132
0.237079
0.192227
0.147612
0.098816
0.048258
~
106.612881
29.690016
25.060474
0.6337
0.556766
0.540021
0.700111
0.239388
0.190003
0.146579
0.11764
0.047337
~
83.731585
28.772573
24.071324
0.638747
0.555953
0.541009
0.706703
0.236476
0.188261
0.150591
0.086906
0.047709
~
67.728139
30.939802
27.521692
0.864661
0.561388
0.535859
0.40428
0.238662
0.19178
0.147304
0.088822
0.048601
~
50.76381
29.81593
26.150669
0.646638
0.573857
0.537359
0.468428
0.240252
0.191165
0.158988
0.08418
0.047533
~
87.848574
29.180274
25.706614
0.663296
0.556764
0.540501
0.404335
0.240571
0.187697
0.148594
0.120222
0.04763
~
110.296011
31.716519
25.804629
0.620132
0.553163
0.544661
0.471408
0.238836
0.18697
0.150911
0.098011
0.049364
~
111.44419
31.250032
24.446416
0.735959
0.553546
0.542557
0.460637
0.234657
0.192726
0.154132
0.088415
0.047878
~
50.193407
30.596038
24.708945
0.646885
0.534667
0.543386
0.452035
0.230676
0.188556
0.147388
0.114854
0.048903
~
40.760148
33.880581
24.828616
0.672769
0.55453
0.542309
0.465765
0.23299
0.188157
0.149032
0.113976
0.048363
~
61.527815
31.676566
26.264688
0.660105
0.54415
0.538684
0.451507
0.239825
0.190796
0.149318
0.088252
0.047693
~
41.316909
28.62459
27.328097
0.730252
0.584045
0.535818
0.761284
0.237671
0.191771
0.148233
0.120281
0.048685
~
46.807287
32.457047
24.743909
0.720377
0.551276
0.541429
0.658714
0.233245
0.186403
0.148084
0.107374
0.049427
~
64.480486
31.05002
25.687739
0.78328
0.55668
0.539106
0.810967
0.237702
0.189198
0.157883
0.115323
0.047407
~
79.993212
31.520259
22.90713
0.624135
0.55183
0.551484
0.781066
0.238321
0.185439
0.14498
0.099182
0.049228
~
56.618464
29.208747
25.785723
0.62354
0.550941
0.540372
0.407144
0.237184
0.183075
0.152733
0.08898
0.047475
~
44.628238
31.189565
27.515395
0.735819
0.545681
0.543614
0.526508
0.23501
0.199586
0.151783
0.115368
0.049089
~
56.425525
30.686248
24.999197
0.620763
0.538096
0.534907
0.704763
0.235894
0.192097
0.147678
0.113982
0.048004
~
98.353324
28.349588
28.581521
1.761454
0.557257
0.540675
0.4507
0.236318
0.188229
0.148035
0.086951
0.047484
~
55.219238
28.849615
25.236532
0.594154
0.557235
0.540891
0.455439
0.237317
0.189571
0.148313
0.114948
0.048528
~
85.608789
30.212106
26.199347
0.722579
0.543971
0.533598
0.559861
0.237094
0.184119
0.151313
0.109518
0.049626
~
54.605317
31.417747
23.712318
0.630438
0.569454
0.54694
0.44767
0.233615
0.200611
0.148306
0.089754
0.048568
~
86.385399
34.545725
26.633347
0.633532
0.542087
0.537066
0.465346
0.238057
0.185155
0.145118
0.097863
0.049276
~
59.083209
29.975192
26.137139
0.714839
0.557994
0.540804
0.716343
0.238356
0.187128
0.145437
0.0993
0.048681
~
47.597541
31.703812
24.199348
0.648533
0.559476
0.532835
0.42039
0.237355
0.185921
0.144788
0.088911
0.049246
~
67.565776
29.464662
26.875517
0.660985
0.561514
0.539666
0.407471
0.24011
0.198636
0.147122
0.100928
0.047764
~
65.748389
30.698124
23.123353
0.637966
0.559681
0.535312
0.403724
0.240922
0.190939
0.147171
0.097754
0.046367
~
63.08308
29.527193
28.265021
0.653197
0.558129
0.544446
0.404026
0.231546
0.191527
0.145118
0.119439
0.049252
~
56.934402
32.024547
25.763276
0.642307
0.54706
0.529314
0.456036
0.237158
0.187177
0.145601
0.111232
0.047487
~
37.128441
27.927889
25.079365
0.635709
0.557682
0.537887
0.47022
0.234986
0.192561
0.148111
0.122801
0.048171
~
37.054338
29.849733
23.865423
0.667175
0.560191
0.543578
0.387062
0.237251
0.19106
0.148279
0.088805
0.048834
~
37.174138
30.782584
24.269871
0.642835
0.551619
0.545465
0.46834
0.237126
0.185328
0.145633
0.118725
0.047507
~
36.941379
30.992647
23.440116
0.700817
0.542577
0.532089
0.70398
0.237188
0.183738
0.160169
0.086355
0.049072
~
36.890474
31.753396
25.323882
0.66609
0.54114
0.53118
0.648078
0.239852
0.198316
0.150537
0.123895
0.049176
~
36.930621
32.245315
25.097853
0.633959
0.548168
0.535591
0.658875
0.240663
0.198695
0.152551
0.12126
0.045961
~
36.948696
31.471897
24.753523
0.673205
0.543985
0.534829
0.765033
0.240167
0.190727
0.147133
0.091753
0.046589
~
36.904985
32.222039
24.647138
0.640382
0.542409
0.54041
0.729594
0.234198
0.192179
0.144718
0.122329
0.04919
~
37.082341
32.367105
27.44251
0.638329
0.53848
0.545397
0.659259
0.234687
0.187448
0.148792
0.114825
0.048959
~
37.065835
29.766092
24.760734
0.661147
0.559079
0.529202
0.481387
0.232706
0.190892
0.14791
0.123166
0.047889
~
37.084934
31.018961
24.495242
0.687031
0.543918
0.538474
0.644976
0.23895
0.188833
0.142837
0.089804
0.049589
~
37.066232
32.371746
27.13121
0.678522
0.546497
0.528004
0.547329
0.240218
0.190469
0.14845
0.123335
0.046059
~
36.949663
31.223995
25.698798
0.653686
0.541805
0.532906
0.545002
0.239881
0.186788
0.148346
0.089342
0.049374
~
37.112138
29.665731
25.231446
0.692682
0.540602
0.532522
0.665148
0.239458
0.189521
0.144498
0.102357
0.049632
~
37.059869
31.322782
24.774935
0.653281
0.544176
0.535113
0.734719
0.237494
0.191252
0.144229
0.106818
0.049349
~
37.086092
29.859297
22.768328
0.665198
0.542899
0.528487
0.706666
0.237887
0.197282
0.147285
0.087651
0.049419
~
37.182073
30.194477
23.611207
0.662359
0.551251
0.530893
0.640494
0.232124
0.191327
0.148494
0.088514
0.048609
~
36.889241
30.741134
25.708133
0.658989
0.546102
0.534916
0.429344
0.240584
0.190735
0.147069
0.117893
0.047049
~
37.115193
32.443399
24.798899
0.649274
0.55302
0.549007
0.73365
0.235394
0.186835
0.145007
0.123719
0.049195
~
37.032067
30.17242
25.217014
0.656172
0.544052
0.53996
0.644593
0.238193
0.189184
0.145292
0.116587
0.047749
~
37.048689
32.554102
23.875626
0.633018
0.553924
0.535383
0.721064
0.235114
0.192879
0.148011
0.088651
0.048884
~
37.111379
31.513303
23.689919
0.647059
0.544379
0.536507
0.723048
0.235595
0.192996
0.148293
0.102109
0.047285
~
37.031245
34.464981
24.385271
0.638226
0.537434
0.541502
0.4763
0.230819
0.187502
0.148342
0.115079
0.049201
~
37.038675
29.993617
25.459064
0.648688
0.541415
0.535448
0.705273
0.236651
0.189171
0.145814
0.108144
0.048693
~
37.022222
31.314361
27.744077
0.657851
0.549852
0.537501
0.490903
0.235132
0.193166
0.148233
0.087344
0.047527
~
37.021945
31.532094
25.655466
0.632204
0.543483
0.53594
0.725982
0.240264
0.191081
0.146705
0.115423
0.047385
~
36.999177
31.305798
25.711655
0.651518
0.555731
0.541422
0.534286
0.235091
0.188017
0.152629
0.113231
0.047392
~
37.127962
31.206146
27.22823
0.662436
0.553104
0.545215
0.482802
0.238641
0.186823
0.144638
0.115712
0.049214
~
37.128953
29.698353
26.606096
0.63445
0.549067
0.54215
0.456708
0.238052
0.19233
0.148994
0.102845
0.049082
~
36.922625
31.940794
24.803647
0.649478
0.542227
0.535663
0.636765
0.239466
0.187258
0.149764
0.099212
0.048311
~
37.142115
32.40599
26.843106
0.654689
0.538398
0.54439
0.398589
0.23955
0.199526
0.144267
0.087525
0.04736
~
37.113374
30.246375
24.454786
0.651107
0.53637
0.536188
2.860267
0.239154
0.192082
0.148137
0.101129
0.048663
~
37.29277
31.799082
24.792507
0.681302
0.542439
0.540225
0.47669
0.236898
0.188639
0.147333
0.106136
0.047617
~
37.345542
32.506258
25.840351
0.675418
0.539645
0.53512
0.414289
0.235136
0.192906
0.148795
0.089977
0.048907
~
37.123503
30.919663
25.177953
0.65003
0.544187
0.54273
0.799096
0.237103
0.19211
0.147243
0.114059
0.048791
~
37.251094
33.523302
26.567111
0.653069
0.54334
0.534434
0.485397
0.23913
0.188077
0.146232
0.117517
0.049453
~
37.376841
28.748208
24.230229
0.651359
0.543698
0.537143
0.699653
0.234656
0.192503
0.147985
0.110368
0.048263
~
37.080911
31.421671
25.313828
0.654476
0.538418
0.537624
0.592481
0.231641
0.201128
0.144363
0.09782
0.049627
~
37.364396
29.634405
26.498831
0.658332
0.535811
0.57523
0.734765
0.23074
0.198785
0.151912
0.114634
0.049457
~
37.056572
29.631138
26.506159
0.646736
0.536958
0.540422
0.406444
0.236383
0.184536
0.148676
0.102671
0.049543
~
37.252168
30.399075
27.119869
0.65343
0.574442
0.540174
0.794244
0.237173
0.199066
0.143944
0.089974
0.047575
~
37.292415
31.246616
25.074532
0.642645
0.542949
0.5314
0.633464
0.237308
0.187506
0.145429
0.111441
0.04913
~
37.150535
33.359398
25.729886
0.667601
0.546433
0.528449
0.787605
0.239047
0.198353
0.146668
0.102314
0.046115
~
37.276341
33.398296
24.701475
0.661289
0.543751
0.537505
0.490155
0.239201
0.190656
0.141807
0.097182
0.048979
~
37.274514
31.364727
24.536806
0.661172
0.590307
0.544079
0.46166
0.23952
0.186163
0.147749
0.124147
0.048888
~
37.120476
30.355721
27.168654
0.637883
0.546991
0.528294
0.404035
0.239485
0.191258
0.151705
0.113764
0.048423
~
37.267026
33.377545
24.536928
0.660001
0.543566
0.533168
0.756551
0.235622
0.189513
0.146247
0.122494
0.048073
~
37.170642
32.19996
28.077153
0.67927
0.536843
0.538223
0.436064
0.239681
0.189615
0.144749
0.119366
0.049385
~
37.249666
31.911174
23.246349
0.659474
0.561787
0.535951
0.443532
0.233466
0.189501
0.148474
0.114895
0.049015
~
37.248271
30.812185
24.560368
0.645351
0.546293
0.533668
0.789062
0.23875
0.190342
0.146983
0.113754
0.047501
~
37.311013
32.30641
25.100672
0.662526
0.544676
0.541556
0.771313
0.234697
0.192881
0.144965
0.100056
0.049586
~
37.076436
28.673908
24.539004
0.649688
0.546087
0.540783
0.685986
0.238095
0.194347
0.145258
0.105574
0.047594
~
37.215016
31.246755
26.758731
0.645272
0.542566
0.555437
0.661582
0.236517
0.198679
0.152498
0.086818
0.047934
~
37.205817
30.418069
26.332302
0.661217
0.539824
0.533682
0.461556
0.235698
0.192585
0.147977
0.113615
0.04618
~
37.291217
29.982906
28.241231
0.647605
0.545787
0.53157
0.710549
0.239803
0.19796
0.143539
0.134512
0.05001
~
37.312434
32.348142
25.120277
0.665433
0.559443
0.538319
0.463925
0.238834
0.194912
0.148287
0.116335
0.049727
~
37.282139
32.313432
26.168025
0.659522
0.545163
0.535888
0.391629
0.237081
0.191823
0.1478
0.085764
0.047758
~
37.251088
33.56527
24.80468
0.651369
0.544477
0.53854
0.40244
0.241354
0.19177
0.147938
0.118614
0.046283
~
37.205634
28.801183
27.915588
0.669422
0.543836
0.530501
0.662961
0.237559
0.1866
0.1508
0.11517
0.049316
~
37.249028
29.371461
25.173617
0.649744
0.535175
0.543383
0.761381
0.237734
0.195472
0.148409
0.091314
0.049391
~
36.17265
41.967338
25.780816
0.674995
0.545124
0.536064
0.633282
0.23476
0.192055
0.147248
0.116074
0.047845
~
36.101632
39.64674
25.67816
0.707347
0.540758
0.53712
0.742167
0.230152
0.19737
0.147375
0.101639
0.049724
~
36.021314
31.669825
27.848834
0.674295
0.540453
0.535327
0.638185
0.23624
0.20127
0.152879
0.108116
0.049474
~
36.140261
30.819862
26.093813
0.662619
0.544871
0.532891
0.688143
0.23215
0.188585
0.147221
0.098097
0.049108
~
36.131314
32.583443
26.931014
0.663971
0.535069
0.531873
0.477772
0.239117
0.19056
0.146226
0.083867
0.047342
~
36.122869
30.805361
25.006364
0.654849
0.537135
0.537777
0.458841
0.24034
0.191417
0.143419
0.098603
0.049156
~
36.112623
32.001027
24.252301
0.682238
0.570022
0.546631
0.601443
0.23143
0.190881
0.154261
0.088603
0.049141
~
36.28433
34.692468
27.024685
0.645479
0.558186
0.535239
0.733078
0.235315
0.184457
0.156192
0.089553
0.047969
~
35.935371
30.293813
26.30397
0.616819
0.561157
0.541937
0.702742
0.234651
0.192852
0.148158
0.11379
0.048391
~
36.288919
31.550669
23.97723
0.673897
0.547318
0.539069
0.448319
0.23675
0.200277
0.147869
0.10092
0.04845
~
36.135552
29.156782
26.818204
0.677354
0.554658
0.544726
0.417592
0.24026
0.199218
0.149931
0.08647
0.049582
~
36.234543
30.288835
24.025374
0.666741
0.541095
0.538421
0.40697
0.237691
0.189108
0.145318
0.084939
0.046691
~
36.261577
30.927955
26.813375
0.660302
0.553949
0.537618
0.733365
0.239773
0.199296
0.144042
0.112859
0.048696
~
36.297104
32.960014
26.3329
0.640724
0.555666
0.547455
0.659108
0.243105
0.194526
0.147477
0.101224
0.050698
~
36.154876
30.432363
31.171602
0.644677
0.542581
0.532343
0.462769
0.238034
0.197285
0.152183
0.087707
0.045698
~
36.39188
30.443335
28.877685
0.665384
0.550794
0.548583
0.751585
0.24135
0.194336
0.14761
0.105927
0.051727
~
36.127376
30.586514
31.430574
0.656675
0.542978
0.538958
0.408289
0.238506
0.194246
0.153562
0.120153
0.049209
~
36.095669
29.764731
22.63236
0.645645
0.546116
0.541683
0.754921
0.240824
0.190213
0.15025
0.088535
0.050596
~
36.21046
32.016054
27.329446
0.669776
0.545188
0.545004
0.7061
0.243775
0.19481
0.153357
0.092142
0.052109
~
36.190249
34.137562
24.812868
0.626233
0.550315
0.54429
0.433003
0.243014
0.193758
0.156645
0.111872
0.049909
~
36.171469
30.17953
24.599587
0.648388
0.544224
0.534341
0.690947
0.236971
0.187451
0.148111
0.087192
0.049753
~
34.018468
28.022076
24.516506
0.624833
0.52546
0.507486
0.674709
0.221709
0.177193
0.136905
0.081882
0.0447
~
34.040358
33.985442
24.134963
0.600405
0.523331
0.506997
0.423339
0.221346
0.176642
0.136502
0.097413
0.046027
~
33.888871
28.654205
22.057348
0.604973
0.512238
0.510189
0.723313
0.223454
0.178648
0.138411
0.112411
0.046184
~
34.022443
28.114941
24.438832
0.641118
0.526417
0.523624
0.436754
0.223461
0.178616
0.14423
0.095583
0.04602
~
34.021155
28.54101
25.199332
0.601738
0.526524
0.517043
0.381112
0.223328
0.186107
0.138586
0.079219
0.046014
~
34.062884
29.127292
25.643849
0.602904
0.525015
0.507645
0.652626
0.221932
0.177318
0.136438
0.082296
0.044183
~
33.837459
28.604082
27.250007
0.662064
0.507456
0.505421
0.769789
0.220996
0.183284
0.141696
0.08211
0.044206
~
33.808429
29.287631
26.875765
0.598071
0.531263
0.507799
0.698039
0.222066
0.177221
0.137051
0.090127
0.044743
~
33.990536
32.732484
23.912463
0.630259
0.50847
0.513084
0.783684
0.221682
0.17629
0.141829
0.082029
0.044038
~
2.736701
1.896449
1.154856
0.58549
0.581985
0.531802
0.252329
0.221543
0.176872
0.130871
0.07844
0.044027
~
2.736221
1.641418
0.947626
0.585207
0.574913
0.526565
0.262718
0.221408
0.176838
0.133766
0.078465
0.044052
~
2.734673
1.026379
1.009916
0.584987
0.581806
0.532289
0.230948
0.221545
0.18061
0.131013
0.077467
0.043969
~
2.735483
1.624031
1.172053
0.585035
0.582243
0.532236
0.262575
0.221539
0.176873
0.136542
0.077447
0.044021
~
2.737178
2.014516
1.638272
0.584997
0.574465
0.538412
0.230972
0.221481
0.176883
0.130819
0.077491
0.043975
~
2.735533
2.311753
1.190598
0.585197
0.581982
0.519557
0.230979
0.221433
0.176956
0.13368
0.077419
0.043956
~
2.735613
1.714293
1.57915
0.584899
0.582134
0.532188
0.262635
0.221423
0.176967
0.139291
0.077422
0.044107
~
2.734927
1.54483
1.12296
0.58495
0.574929
0.532115
0.262717
0.221473
0.177111
0.128054
0.077417
0.044024
~
2.736474
1.414941
1.001397
0.58511
0.618152
0.532411
0.241701
0.221451
0.176819
0.133844
0.078357
0.044004
~
2.736146
1.084736
1.224118
0.584849
0.582029
0.539653
0.241723
0.221558
0.177001
0.133767
0.078344
0.044051
~
2.736873
1.451971
1.081024
0.584941
0.581879
0.532168
0.25245
0.224168
0.1768
0.134042
0.07831
0.043974
~
2.736492
1.775684
1.398962
0.585367
0.582358
0.532308
0.265484
0.221573
0.176861
0.133747
0.078394
0.043961
~
2.736078
2.110628
1.857181
0.5851
0.58232
0.532056
0.262617
0.221687
0.176875
0.133798
0.07831
0.044012
~
2.735438
1.124328
1.612992
0.585012
0.618009
0.519457
0.252573
0.221437
0.176904
0.133743
0.077456
0.043977
~
2.735496
1.459639
1.613383
0.584833
0.596452
0.531731
0.262516
0.221383
0.176849
0.133797
0.077443
0.044046
~
2.735119
1.77308
2.18067
0.585114
0.625012
0.532476
0.220076
0.221496
0.176881
0.133644
0.077533
0.044028
~
2.73685
1.647004
1.561682
0.585071
0.610458
0.51909
0.262565
0.221374
0.176845
0.136582
0.07842
0.04399
~
2.736193
1.794152
1.615372
0.58496
0.58202
0.532344
0.262701
0.221478
0.176942
0.12801
0.078428
0.043991
~
2.734843
1.823513
1.087653
0.58485
0.582088
0.532245
0.241613
0.221555
0.176838
0.133762
0.077471
0.044025
~
2.735221
2.889949
0.764283
0.584708
0.625498
0.539046
0.262662
0.221501
0.176755
0.130871
0.077347
0.043947
~
2.734836
1.480379
1.036448
0.591065
0.619985
0.534168
0.263888
0.222238
0.177783
0.133793
0.07758
0.044001
~
2.777343
1.453801
1.471414
0.589241
0.60097
0.536527
0.26465
0.223281
0.179764
0.130237
0.079536
0.046102
~
2.754591
1.937206
1.135594
0.590701
0.603993
0.532621
0.262792
0.221178
0.177437
0.128208
0.077907
0.044463
~
2.739733
2.173169
0.824742
0.585712
0.603407
0.532614
0.241734
0.221053
0.177403
0.13396
0.077945
0.044459
~
2.741395
1.140195
1.260575
0.5857
0.58942
0.519974
0.262638
0.221275
0.178343
0.134583
0.078304
0.044753
~
2.745768
1.137864
1.535389
0.586661
0.625982
0.5341
0.26353
0.222098
0.177894
0.131794
0.078379
0.044691
~
2.761203
1.347813
0.903541
0.588739
0.626922
0.533726
0.26369
0.221895
0.178112
0.137474
0.078136
0.044677
~
2.746172
1.070632
1.611275
0.58662
0.584001
0.533632
0.263846
0.221942
0.177298
0.133883
0.07858
0.044212
~
2.73918
1.721699
1.516002
0.584748
0.647492
0.532129
0.241572
0.220774
0.176811
0.139649
0.078313
0.044495
~
2.74059
1.653567
1.846036
0.584659
0.624587
0.53195
0.220118
0.221124
0.176977
0.134148
0.078746
0.044414
~
105.078199
30.762036
24.918585
0.866312
0.540596
0.502
0.435526
0.222022
0.184506
0.137141
0.113738
0.044709
~
47.541952
26.849979
23.905654
0.937547
0.524413
0.502019
0.43555
0.222044
0.177242
0.137083
0.106343
0.044758
~
74.52912
30.48015
25.02024
1.314414
0.524762
0.502079
0.435263
0.22209
0.184784
0.142829
0.07794
0.044721
~
104.380466
31.942093
25.734016
1.370949
0.531866
0.501825
0.669339
0.222054
0.184739
0.148276
0.081991
0.044887
~
84.525932
30.835077
25.212769
1.318916
0.523204
0.500842
0.446608
0.223239
0.178857
0.138501
0.107179
0.046028
~
103.722726
29.310176
25.539769
1.757237
0.52486
0.502171
0.380116
0.22195
0.184644
0.148486
0.081856
0.044868
~
64.766921
29.241869
25.334404
1.058998
0.538773
0.506376
0.671043
0.221575
0.176362
0.147627
0.082433
0.044289
~
106.013074
30.647154
25.127293
1.121038
0.523013
0.500414
0.433258
0.221536
0.176637
0.147694
0.08244
0.044264
~
105.807339
31.174035
25.197054
0.92449
0.522561
0.500271
0.366806
0.221378
0.183806
0.147417
0.089959
0.044326
~
104.244419
31.242607
26.852198
1.646814
0.524622
0.502141
0.720366
0.222077
0.184659
0.137282
0.081965
0.045011
~
86.522198
30.206819
24.424178
1.560678
0.522721
0.500347
0.445481
0.221295
0.176324
0.142033
0.082347
0.044356
~
103.90271
30.718257
24.564126
71.88759
~
103.132417
31.020155
79.339357
~
104.100483
31.943767
25.472553
0.892963
~
105.364245
29.558098
24.60286
1.189411
0.527386
0.50452
0.381199
0.223289
0.178649
0.138557
0.103255
0.045986
~
107.930079
30.550494
27.695061
1.151989
0.522812
0.50037
0.433668
0.221566
0.176368
0.136308
0.090434
0.044259
~
112.69004
29.887321
27.154006
1.104396
0.522823
0.500264
0.377745
0.2215
0.183795
0.147663
0.078518
0.044324
~
104.305376
33.520059
25.898181
1.8577
0.522858
0.500337
0.377768
0.221503
0.17627
0.141944
0.106711
0.044314
~
79.039645
28.277379
25.021999
1.386563
~
103.748865
97.201537
~
44.745436
30.354608
27.032755
1.56993
0.524878
0.501947
0.446946
0.221761
0.177212
0.137119
0.093764
0.044802
~
105.1404
30.551907
25.367343
1.767009
0.522674
0.500284
0.422052
0.221451
0.176442
0.136323
0.090078
0.044248
~
107.701402
30.940691
26.489886
2.27576
0.524554
0.502277
0.413798
0.222049
0.177321
0.142871
0.093625
0.044966
~
51.795704
30.873422
27.56772
1.812269
0.524574
0.502316
0.714625
0.222092
0.184884
0.137183
0.078052
0.044849
~
105.935801
29.26018
25.741253
1.346699
0.527094
0.510182
0.627858
0.223329
0.178823
0.144234
0.0832
0.04437
~
104.421018
30.830461
26.596184
1.628686
0.522753
0.500191
0.670603
0.221487
0.18378
0.147605
0.082412
0.044245
~
47.325183
29.790607
23.914745
1.454931
0.524799
0.502074
0.447105
0.222104
0.177408
0.136475
0.094224
0.044245
~
103.476911
29.867985
27.304026
2.114077
~
78.838384
27.6743
25.573165
1.235183
0.522633
0.506529
0.699121
0.221601
0.176358
0.136439
0.104957
0.044314
~
103.349489
29.2885
24.195108
1.310076
0.522679
0.506469
0.693023
0.221572
0.176365
0.136439
0.082456
0.044276
~
104.147698
~
106.387767
~
107.869766
~
106.199201
~
107.452895
~
104.746835
~
109.093271
~
105.689302
~
108.332878
~
107.920217
~
106.297771
~
105.268782
~
107.031604
~
105.940643
~
107.869944
~
106.127978
~
105.267076
~
106.064544
~
105.106264
~
106.937276
~
108.788462
~
103.902203
~
106.505824
~
108.831022
~
103.568057
~
107.590164
~
106.012442
~
108.475988
~
106.111825
~
106.640064
~
39.240883
28.436237
23.365047
0.595182
0.528197
0.516836
0.448153
0.223244
0.178602
0.138618
0.091247
0.046066
~
39.257596
29.114366
22.89368
0.619629
0.540454
0.508117
0.458052
0.22208
0.184538
0.137119
0.082002
0.044747
~
39.236917
26.465673
25.022773
0.607938
0.522671
0.506518
0.433426
0.221546
0.18372
0.141863
0.082077
0.04405
~
39.220608
29.391952
23.488827
0.60994
0.509565
0.501387
0.424352
0.221871
0.177286
0.136842
0.101626
0.044683
~
39.14876
27.062747
23.134286
0.619877
0.524689
0.507895
0.832759
0.222112
0.177198
0.137181
0.09367
0.044738
~
39.221477
28.110754
23.994632
0.589278
0.52199
0.506213
0.432886
0.221535
0.176254
0.136437
0.094211
0.044271
~
39.026563
26.973234
23.276217
0.614003
0.507994
0.505999
0.377949
0.221488
0.176387
0.136285
0.115585
0.044293
~
39.157932
27.486862
23.739873
0.599217
0.537397
0.506384
0.433695
0.221582
0.17643
0.14208
0.082513
0.044344
~
39.045066
26.423405
23.020784
0.597931
0.508029
0.499869
0.433724
0.221388
0.176399
0.136285
0.081435
0.044389
~
39.021252
27.384247
24.022136
0.625515
0.524609
0.502147
0.457676
0.222099
0.177204
0.148503
0.081903
0.044729
~
39.149092
28.753679
23.450354
0.609836
0.508896
0.50691
0.455621
0.221526
0.176336
0.14753
0.105529
0.044336
~
39.269135
27.678886
21.942896
0.698627
0.523087
0.506547
0.433578
0.221195
0.176299
0.136185
0.089221
0.044318
~
39.033467
33.224048
22.650444
0.614574
0.521939
0.499792
0.443057
0.221174
0.176258
0.141893
0.082337
0.044269
~
39.030178
27.020803
23.745177
0.608377
0.507831
0.506132
0.444168
0.221489
0.176473
0.136326
0.11491
0.044363
~
39.408271
27.115163
24.072824
0.663703
0.508512
0.506412
0.378723
0.221262
0.176537
0.136449
0.101117
0.044373
~
39.343182
28.415534
21.707613
0.622407
0.522543
0.506257
0.455136
0.221467
0.176556
0.147537
0.082406
0.044384
~
39.070559
27.04022
24.016472
0.635761
0.507712
0.506203
0.455111
0.221321
0.176493
0.136247
0.082405
0.044288
~
39.074456
28.664915
22.856545
0.613154
0.514975
0.506198
0.810992
0.225948
0.176722
0.147741
0.081731
0.044505
~
39.112165
27.472601
24.47284
0.616308
0.510081
0.502281
0.596415
0.222045
0.177267
0.136005
0.082188
0.044076
~
39.041515
27.146822
24.545277
0.617068
0.51029
0.507682
0.630243
0.222118
0.177048
0.136993
0.113316
0.044707
~
39.152015
27.488047
23.883415
0.663756
0.51256
0.504656
0.370019
0.22314
0.178814
0.138502
0.106625
0.044531
~
39.23136
30.913157
24.476891
0.603178
0.509931
0.50236
0.669711
0.222028
0.177279
0.137206
0.082063
0.044841
~
39.278632
26.19466
24.566808
0.604159
0.508298
0.50652
0.627001
0.221269
0.176494
0.136528
0.11499
0.0444
~
39.272959
27.290544
24.15961
0.615803
0.509781
0.5021
0.435349
0.221911
0.177274
0.137047
0.113554
0.044877
~
39.167684
27.502124
22.857763
0.607173
0.50838
0.506534
0.639802
0.221227
0.176817
0.147704
0.08157
0.044388
~
39.076228
26.407872
23.453806
0.598571
0.508515
0.500395
0.43385
0.221313
0.176707
0.136437
0.093663
0.044461
~
39.05693
26.804564
22.483462
0.668883
0.509344
0.50098
0.422557
0.2215
0.176534
0.136707
0.113355
0.044453
~
39.069699
26.006853
23.515639
0.590447
0.507976
0.50002
0.684038
0.221119
0.176592
0.136429
0.090286
0.04438
~
39.243006
27.018345
23.560415
0.610275
0.508469
0.506741
0.412437
0.221157
0.176576
0.136487
0.093133
0.044442
~
39.048328
26.512598
23.156308
0.605007
0.522771
0.506688
0.445527
0.22225
0.176531
0.136156
0.097184
0.044437
~
35.471368
26.865043
24.783948
0.610957
0.512763
0.507931
0.435266
0.222109
0.177021
0.137068
0.093917
0.04466
~
35.307812
26.726618
26.254646
0.640796
0.51281
0.504059
0.436478
0.223145
0.178517
0.13849
0.095031
0.046007
~
35.201376
28.49863
26.874413
0.81993
0.51227
0.510076
0.599409
0.223259
0.178366
0.138502
0.083271
0.046066
~
35.361409
27.492381
25.659169
0.598937
0.526473
0.510278
0.684055
0.223134
0.185788
0.144092
0.08323
0.045995
~
35.429096
28.427383
24.027199
0.60003
0.5231
0.500634
0.523588
0.221338
0.176638
0.141952
0.105583
0.044634
~
35.257226
28.625856
24.557099
0.661299
0.524463
0.501969
0.380183
0.22187
0.17737
0.14847
0.082101
0.044859
~
35.174247
26.616883
22.165071
0.658578
0.522818
0.506645
0.633987
0.221268
0.184014
0.141993
0.08255
0.044601
~
35.169366
27.168444
25.839211
0.677334
0.523475
0.500726
0.450465
0.221329
0.176257
0.141857
0.082194
0.04424
~
35.192971
29.737243
22.859302
0.61521
0.522915
0.507315
0.378578
0.221276
0.183585
0.136169
0.118034
0.044215
~
35.154968
27.83859
24.558965
0.622829
0.522968
0.507622
0.400933
0.221304
0.176207
0.136272
0.112481
0.044174
~
35.415444
28.461793
24.34638
0.599485
0.522755
0.500807
0.444882
0.22155
0.176674
0.147733
0.097347
0.0444
~
35.28779
26.781919
24.49202
0.600247
0.523107
0.506506
0.411262
0.220972
0.176788
0.136282
0.081604
0.044444
~
35.208095
27.651582
26.00776
0.670421
0.523258
0.500687
0.710548
0.221047
0.184239
0.136302
0.113326
0.044438
~
35.387477
28.824371
24.759928
0.601736
0.524848
0.502047
0.380056
0.222101
0.177171
0.137186
0.089377
0.044806
~
35.508771
29.34094
25.701285
0.604128
0.526631
0.510195
0.65764
0.223371
0.178729
0.144503
0.083234
0.046071
~
35.359839
29.220723
27.737798
0.619296
0.526516
0.510675
0.754166
0.223383
0.178773
0.138715
0.083276
0.045925
~
35.361583
27.790786
26.636122
0.600652
0.509301
0.50664
0.615906
0.221356
0.176691
0.136244
0.105595
0.044487
~
35.315574
27.775011
26.249417
0.61852
0.524462
0.507765
0.447079
0.222048
0.177232
0.13703
0.095778
0.044771
~
35.297908
30.074305
23.966313
0.626449
0.524488
0.5084
0.379709
0.222106
0.17715
0.137108
0.082037
0.044869
~
35.183366
28.483561
24.247366
0.625887
0.528596
0.504787
0.381273
0.223258
0.185801
0.138562
0.083347
0.045994
~
35.370445
28.363297
24.557014
0.613425
0.525271
0.506443
0.446888
0.221805
0.183798
0.136646
0.081542
0.04458
~
35.421931
27.637023
22.154546
0.693842
0.523292
0.506774
0.62454
0.221133
0.176649
0.136367
0.105009
0.044587
~
35.175049
26.917187
25.113715
0.632116
0.524569
0.513442
0.444614
0.221127
0.176862
0.136359
0.09774
0.044579
~
35.18423
29.054442
22.347688
0.658882
0.526615
0.504423
0.436728
0.223205
0.185918
0.138544
0.084408
0.047701
~
35.380832
27.266221
25.363064
0.751282
0.526722
0.510105
0.546131
0.223513
0.178425
0.144494
0.121038
0.044556
~
35.194885
27.957771
25.284911
0.600431
0.522736
0.527579
0.434121
0.221331
0.176634
0.136616
0.082546
0.04442
~
35.309455
27.815839
24.915676
0.638307
0.509865
0.508018
0.398428
0.221974
0.177242
0.137163
0.093761
0.044813
~
35.364775
27.195513
25.041419
0.657418
0.523246
0.507353
0.433659
0.221738
0.176471
0.147639
0.081191
0.0442
~
35.167098
29.039176
23.89435
0.599519
0.50873
0.506667
0.599817
0.221694
0.176487
0.136409
0.109202
0.044185
~
35.182661
30.215289
23.704065
0.602067
0.509253
0.508361
0.379903
0.22198
0.177729
0.136623
0.082663
0.044483
~
1.041945
1.180049
0.661599
0.585033
0.61719
0.500177
0.262682
0.221268
0.177279
0.139657
0.078933
0.044425
~
1.041538
1.17265
0.660595
0.730771
0.602942
0.53272
0.262739
0.221478
0.177348
0.134064
0.078866
0.044411
~
1.041509
1.135697
0.681407
0.636892
0.616783
0.506915
0.26267
0.221208
0.177248
0.110945
0.078881
0.044411
~
1.041635
1.414544
0.660547
0.605308
0.630798
0.558783
0.262635
0.221271
0.177246
0.133989
0.078908
0.044422
~
1.041484
1.034469
0.677139
0.585208
0.602692
0.499897
0.26274
0.221368
0.177164
0.145358
0.078824
0.044508
~
1.041529
1.351924
0.65963
0.710952
0.623929
0.468794
0.262727
0.221259
0.177249
0.134048
0.078875
0.044512
~
1.041526
1.382825
0.661124
0.815928
0.62086
0.494245
0.262759
0.221392
0.177046
0.134077
0.07877
0.044429
~
1.05186
0.841298
0.689194
0.782355
0.618155
0.53459
0.263695
0.222041
0.177347
0.134069
0.078837
0.044402
~
1.041704
1.170206
0.660086
0.879531
0.615968
0.455994
0.262686
0.221249
0.177336
0.13398
0.078833
0.044441
~
1.041322
1.076387
0.681554
0.584732
0.615722
0.532955
0.262831
0.221438
0.176752
0.133641
0.07774
0.044313
~
1.045473
1.094119
0.678849
0.693169
0.604408
0.458123
0.264004
0.222033
0.178082
0.13469
0.078349
0.044815
~
1.045448
1.064755
0.679689
0.587355
0.620103
0.520062
0.262884
0.221183
0.180983
0.131053
0.07795
0.044468
~
1.041174
1.27674
0.677422
0.588638
0.616156
0.612597
0.26262
0.221463
0.1771
0.133879
0.078004
0.044424
~
1.041488
1.108275
0.660836
0.795898
0.63079
0.520749
0.263886
0.222163
0.17815
0.146088
0.080215
0.044882
~
1.04451
1.099785
0.661675
0.850709
0.617819
0.495504
0.263758
0.222094
0.178042
0.134913
0.078172
0.044788
~
1.044499
1.52158
0.788541
0.850293
0.617883
0.495179
0.263622
0.221893
0.177879
0.134475
0.078256
0.044655
~
1.04448
1.235262
0.707209
0.718253
0.669176
0.470181
0.263747
0.221975
0.177941
0.134621
0.07829
0.044912
~
1.044739
1.174569
0.679349
0.701426
0.625834
0.502717
0.263622
0.2221
0.178001
0.134704
0.078413
0.0448
~
1.041626
1.314291
0.660002
0.845622
0.659771
0.520209
0.262878
0.221316
0.177174
0.145427
0.078886
0.044424
~
1.041705
1.088998
0.677073
0.577037
0.617736
0.545901
0.262812
0.221447
0.177302
0.13124
0.078912
0.04439
~
1.041751
1.227083
0.803916
0.828913
0.631076
0.533108
0.262881
0.2213
0.177255
0.134043
0.078932
0.044334
~
1.042197
1.288695
0.677205
0.585177
0.623864
0.460558
0.262854
0.221362
0.17718
0.134212
0.079209
0.0445
~
1.042467
1.028235
0.660523
0.585114
0.601811
0.494392
0.262845
0.221344
0.177251
0.148102
0.078842
0.0445
~
1.041972
1.053524
0.67752
0.736077
0.617553
0.527492
0.262636
0.221393
0.17725
0.131252
0.078838
0.044391
~
1.042118
1.105762
0.677125
0.585056
0.625507
0.521341
0.263768
0.222118
0.178062
0.129024
0.078259
0.044728
~
1.045142
1.164022
0.676801
0.773423
0.625155
0.601365
0.263518
0.221897
0.177601
0.134067
0.077824
0.044498
~
1.045675
1.459965
0.678433
0.585991
0.639267
0.444772
0.263665
0.222006
0.177391
0.128545
0.077908
0.04444
~
1.043944
1.204126
0.678618
0.733651
0.616934
0.53329
0.263598
0.221915
0.177498
0.134141
0.077977
0.044515
~
1.04398
1.289105
0.66171
0.586374
0.632862
0.520379
0.253174
0.221987
0.177501
0.131227
0.077997
0.044494
~
1.044303
1.113345
0.665383
0.586283
0.618027
0.542323
0.263555
0.222035
0.177512
0.134212
0.077993
0.046184
~
43.804447
28.973938
25.011472
0.604512
0.512384
0.50397
0.769761
0.223253
0.186082
0.14975
0.112505
0.046046
~
43.831785
27.452752
25.080566
0.608392
0.51904
0.503663
0.610913
0.224087
0.178708
0.144503
0.112711
0.046166
~
43.827395
26.145674
23.03486
0.616904
0.508471
0.506821
0.673651
0.221285
0.176654
0.13651
0.113347
0.044415
~
43.836948
28.9222
23.541818
0.620168
0.518421
0.509467
0.763227
0.223771
0.178845
0.138932
0.092385
0.046088
~
43.836907
27.018457
23.189692
0.603402
0.51262
0.504398
0.574262
0.223894
0.186022
0.144555
0.084453
0.046095
~
43.785178
27.923526
23.352391
0.623058
0.509553
0.501064
0.68676
0.221955
0.176914
0.136759
0.113736
0.044654
~
43.583618
27.586848
23.573571
0.619831
0.526709
0.51083
0.722963
0.223338
0.178521
0.138471
0.091027
0.045951
~
43.775381
27.747852
24.214753
0.622186
0.512404
0.511272
0.599694
0.224
0.178672
0.139092
0.096529
0.046074
~
43.926466
27.58786
25.96843
0.627944
0.511965
0.503807
0.370107
0.223237
0.178621
0.13851
0.107956
0.046097
~
43.732647
27.12901
25.644646
0.699164
0.526691
0.51014
0.448251
0.223808
0.178715
0.138847
0.091293
0.046113
~
43.752677
26.937263
23.017819
0.649203
0.526773
0.510155
0.678498
0.223917
0.18617
0.138864
0.083521
0.046076
~
43.781595
28.248809
22.913701
0.615028
0.509784
0.501327
0.666036
0.222439
0.177347
0.137187
0.105708
0.044892
~
43.623754
27.082247
25.673231
0.604296
0.526583
0.510296
0.65629
0.224137
0.186193
0.138875
0.092996
0.046061
~
43.782277
27.038208
23.916706
0.603503
0.511886
0.503602
0.426509
0.223207
0.178765
0.138737
0.091313
0.046056
~
43.744153
26.889363
23.892699
0.592119
0.524192
0.507679
0.813378
0.222431
0.184654
0.148582
0.082079
0.04624
~
43.737927
27.423464
23.400116
0.613258
0.512167
0.509938
0.700798
0.223359
0.178684
0.14994
0.087475
0.045983
~
43.769365
28.293431
22.597923
0.617908
0.511916
0.503853
0.611258
0.224045
0.178805
0.138932
0.084458
0.046177
~
43.795778
26.517882
23.910825
0.614769
0.532188
0.506671
0.435892
0.221182
0.176985
0.136359
0.081553
0.044437
~
43.527488
26.186092
24.731123
0.615114
0.508971
0.500213
0.659968
0.2212
0.176568
0.147499
0.081683
0.044509
~
43.844093
26.709053
24.339446
0.607965
0.510689
0.502084
0.829954
0.222358
0.177164
0.13712
0.082011
0.044808
~
43.658753
27.372561
24.394742
0.618414
0.511554
0.510237
0.447514
0.22348
0.178469
0.144275
0.079314
0.046051
~
43.734477
27.840361
22.027549
0.634978
0.512227
0.503856
0.381346
0.223238
0.18594
0.149874
0.08341
0.046258
~
43.889754
28.545403
23.726657
0.640476
0.515542
0.503612
0.816982
0.223172
0.178827
0.138636
0.083173
0.046048
~
43.77294
26.711246
23.984603
0.622723
0.516803
0.507672
0.369223
0.222114
0.177071
0.136741
0.093649
0.04471
~
43.652401
28.021291
23.340406
0.614882
0.508696
0.500478
0.727858
0.221104
0.176563
0.141919
0.093368
0.047272
~
43.747188
26.826262
22.831303
0.635927
0.519072
0.510062
0.436775
0.223956
0.178739
0.138949
0.117495
0.046057
~
43.782894
27.232401
24.853347
0.616128
0.509673
0.507767
0.436009
0.223507
0.179309
0.14453
0.096496
0.046115
~
43.685375
27.703081
23.76547
0.633306
0.52434
0.502027
0.682541
0.222485
0.184591
0.14281
0.08204
0.044858
~
43.882489
28.290656
24.580596
0.604358
0.511858
0.510782
0.613223
0.223442
0.178863
0.138781
0.084322
0.046113
~
43.75375
26.584154
24.01263
0.602223
0.510179
0.501187
0.429372
0.222523
0.184605
0.142547
0.084409
0.046179
~
34.732302
60.797887
24.674393
0.61075
0.510346
0.507465
0.566447
0.222293
0.180339
0.138863
0.095447
0.046219
~
34.75189
59.152293
25.234423
0.645323
0.509029
0.500238
0.377912
0.22116
0.176591
0.136391
0.109808
0.044536
~
34.592979
36.96014
25.471775
0.626576
0.509161
0.500227
0.433269
0.221243
0.176682
0.14207
0.093169
0.044488
~
34.58075
29.590067
24.669969
0.601458
0.509232
0.506606
0.422557
0.22126
0.177145
0.136407
0.081601
0.044513
~
34.591416
28.337456
26.230264
0.595824
0.526689
0.510479
0.437462
0.2241
0.178617
0.139065
0.096894
0.046104
~
34.775504
38.601128
24.910468
0.601827
0.512179
0.510134
0.42597
0.224138
0.178679
0.144602
0.098586
0.046089
~
34.771994
30.280614
26.549882
0.648351
0.52484
0.507559
0.644006
0.222096
0.177208
0.14289
0.090206
0.044907
~
34.62462
29.388356
26.648156
0.637857
0.509335
0.506841
0.598696
0.221127
0.176771
0.136219
0.081661
0.044477
~
34.562976
27.59788
25.859721
0.601408
0.523339
0.500905
0.4334
0.22115
0.176385
0.147575
0.077746
0.044463
~
34.57053
26.852733
26.089197
0.756636
0.523169
0.500884
0.367881
0.221015
0.176701
0.131142
0.08164
0.044498
~
34.55614
27.252782
23.738046
0.610391
0.509445
0.506741
0.378065
0.221137
0.17638
0.136477
0.089061
0.044468
~
34.711122
32.345837
26.011688
0.623398
0.509259
0.506572
0.661865
0.221285
0.176631
0.142242
0.081609
0.044474
~
34.698491
40.860736
24.568744
0.658737
0.512008
0.510005
0.686502
0.223391
0.178931
0.139003
0.117706
0.046202
~
34.78061
29.010635
25.160815
0.658745
0.50988
0.50727
0.654272
0.222238
0.177227
0.137049
0.093501
0.044832
~
34.780677
28.986429
23.119014
0.647089
0.509828
0.507428
0.436028
0.222288
0.177304
0.137126
0.109561
0.044856
~
34.820076
28.505734
25.051638
0.615714
0.523256
0.512898
0.693951
0.221147
0.176726
0.13626
0.113463
0.044494
~
34.582511
50.962259
25.325706
0.608875
0.523556
0.500934
0.444217
0.221503
0.176497
0.136386
0.08152
0.044426
~
34.943292
29.40501
25.820831
0.605259
0.519057
0.510012
0.677672
0.223399
0.178766
0.138924
0.117335
0.046088
~
34.741133
27.083484
25.008587
0.604413
0.526299
0.510598
0.623522
0.223345
0.178761
0.138808
0.117703
0.046065
~
34.746286
28.542679
26.11992
0.61961
0.509945
0.507509
0.636878
0.222232
0.184674
0.142888
0.08214
0.044892
~
34.624128
28.919066
24.417589
0.617621
0.511846
0.510091
0.438058
0.223931
0.178706
0.138962
0.096888
0.046083
~
34.865626
27.987806
25.962898
0.626817
0.512819
0.503734
0.414575
0.223317
0.178449
0.149791
0.083249
0.046036
~
34.751763
27.443847
24.957061
0.698147
0.562229
0.538826
0.675269
0.230125
0.181465
0.164242
0.1249
0.054157
~
35.003025
28.622824
24.327281
0.612921
0.527898
0.505531
0.44959
0.224698
0.17956
0.145305
0.083677
0.046264
~
34.890577
26.998862
24.383558
0.605612
0.512735
0.51039
0.382028
0.223563
0.186233
0.138973
0.108725
0.046116
~
34.743294
28.424709
24.962602
0.603939
0.511893
0.510187
0.437629
0.223424
0.178792
0.138951
0.093041
0.046145
~
34.75206
29.120422
25.58293
0.618882
0.512299
0.504587
0.71277
0.223197
0.17832
0.138582
0.083217
0.046001
~
34.756058
29.072142
24.699957
0.603982
0.526647
0.51022
0.437301
0.223132
0.178652
0.144449
0.083273
0.045982
~
34.763709
31.682249
25.490306
0.658402
0.512292
0.510315
0.448766
0.223571
0.178797
0.150378
0.084462
0.046114
~
34.750888
26.377986
25.003624
0.617423
0.524167
0.507686
0.436557
0.222357
0.177267
0.137133
0.08977
0.044824
~
94.851816
~
95.920675
~
92.6618
~
91.746326
~
93.496243
~
93.784831
~
94.02278
~
95.224797
~
94.614541
~
94.778507
~
95.045801
~
93.989547
~
93.362314
~
94.22639
~
92.230567
~
95.733918
~
94.366372
~
96.564241
~
92.166371
~
93.628338
~
94.786098
~
92.795725
~
96.446171
~
95.320761
~
93.71846
~
92.340809
~
92.656725
~
94.105628
~
95.03761
~
100.079513
~
36.188033
35.533783
24.908789
0.643769
0.544747
0.541991
0.695631
0.245859
0.189847
0.159026
0.10044
0.047451
~
36.109684
29.766437
27.913517
1.094856
0.565396
0.53913
0.774558
0.240601
0.190026
0.146319
0.116391
0.053426
~
36.165183
33.079404
27.676813
0.938078
0.555831
0.539479
0.462141
0.238567
0.19073
0.156519
0.086334
0.046542
~
36.652288
30.278102
23.597961
0.697867
0.600107
0.545741
0.762118
0.2403
0.187842
0.158037
0.114187
0.049096
~
37.112332
30.26467
27.200594
0.888387
0.57036
0.544012
0.49305
0.235707
0.193397
0.143492
0.102756
0.0484
~
37.647719
32.931606
26.646861
0.746916
0.622661
0.557496
0.75738
0.237423
0.189244
0.157089
0.086954
0.047467
~
36.726355
30.181315
26.566162
0.655803
0.553073
0.539696
0.401005
0.235292
0.186288
0.148518
0.08662
0.04822
~
35.807591
30.683259
24.361794
0.629463
0.549783
0.527516
0.443351
0.233087
0.186584
0.147214
0.08691
0.046395
~
35.606826
34.623342
25.14689
0.651124
0.559074
0.54818
0.464468
0.239047
0.187843
0.150581
0.091041
0.055246
~
35.946546
30.255983
26.451036
0.665775
0.537193
0.537484
0.726276
0.235614
0.19887
0.155991
0.088015
0.04825
~
35.898527
31.113818
25.840645
0.648706
0.552428
0.534508
0.395869
0.239304
0.185642
0.155894
0.113465
0.04839
~
35.302475
29.305589
22.705481
0.638163
0.541276
0.512261
0.420127
0.226627
0.178272
0.144307
0.084789
0.045232
~
34.612172
27.077519
25.486267
0.637913
0.52792
0.540903
0.453565
0.227156
0.17991
0.138521
0.112553
0.04743
~
34.733424
28.499071
23.178357
0.641529
0.577335
0.55799
0.482354
0.246166
0.221852
0.154847
0.113538
0.051702
~
36.584206
29.970954
25.115101
1.294272
0.560697
0.555262
0.485781
0.232783
0.195955
0.156091
0.107775
0.051909
~
36.772642
31.004477
25.907213
1.395148
0.57184
0.549286
0.487481
0.243702
0.191482
0.167063
0.088274
0.051477
~
36.597705
33.731335
26.161142
0.887344
0.562305
0.54451
0.48207
0.236305
0.191768
0.155502
0.091026
0.052193
~
36.460545
29.383325
27.037193
0.747387
0.555183
0.534161
0.492121
0.236424
0.192702
0.15285
0.104419
0.04926
~
36.391683
34.314154
26.29574
0.785008
0.575596
0.548292
0.655674
0.243722
0.194537
0.150452
0.108863
0.047661
~
36.646094
31.962415
26.128377
1.54281
0.56581
0.545278
0.449705
0.24122
0.205471
0.149072
0.091392
0.049782
~
37.026204
31.750499
24.682818
0.693972
0.523111
0.500044
0.479029
0.245817
0.194601
0.146811
0.095729
0.047167
~
36.311214
29.920455
27.687452
0.656873
0.558908
0.551661
0.451152
0.241313
0.203591
0.157544
0.091714
0.04756
~
36.54246
31.964271
26.181587
0.659212
0.57299
0.550599
0.845642
0.242123
0.192407
0.163738
0.093014
0.049304
~
36.911539
30.850268
26.78493
0.754186
0.591029
0.557592
0.489062
0.274663
0.226262
0.164691
0.120682
0.054458
~
37.283217
32.286035
26.631859
0.895022
0.561192
0.555188
0.477183
0.234447
0.193808
0.152624
0.114156
0.05244
~
37.459895
31.255068
27.246262
0.687892
0.607189
0.569601
0.421909
0.252949
0.197279
0.161698
0.092632
0.052954
~
36.56116
30.20216
24.84216
0.652221
0.554508
0.545648
0.465345
0.235661
0.197363
0.162305
0.088188
0.048022
~
36.276227
30.044278
24.15679
1.593823
0.587633
0.528066
0.653741
0.24007
0.190761
0.146994
0.0936
0.046244
~
36.331065
35.710316
26.501499
1.029543
0.564528
0.538142
0.445818
0.238767
0.190142
0.152444
0.099415
0.045919
~
36.206901
28.461556
26.06026
1.012917
0.560349
0.53769
0.429017
0.237997
0.187125
0.155168
0.088951
0.048863
~
64.632615
31.481272
25.420516
0.633272
0.55726
0.542499
0.399108
0.23722
0.191508
0.146905
0.097592
0.04865
~
52.855629
32.998529
25.42014
0.804711
0.562236
0.535616
0.443253
0.236227
0.199074
0.154262
0.085438
0.048659
~
51.761275
31.050905
27.956036
0.715309
0.559218
0.535359
0.472495
0.239263
0.186809
0.159912
0.089577
0.049107
~
59.814103
29.783869
24.039918
0.645251
0.556809
0.551226
0.795052
0.2408
0.186201
0.154087
0.120628
0.050362
~
36.819703
31.301279
29.251303
0.723771
0.576534
0.550092
0.510608
0.254382
0.190598
0.16195
0.096773
0.050422
~
43.147092
33.384893
25.03369
0.771865
0.556265
0.546528
0.486696
0.240128
0.190717
0.143213
0.099055
0.046968
~
36.482005
31.792203
27.567708
1.463554
0.558163
0.530416
0.478863
0.23763
0.186555
0.146159
0.103269
0.04953
~
45.131519
32.162591
26.643733
0.744316
0.558923
0.541874
0.463301
0.233588
0.192015
0.144956
0.121781
0.049487
~
49.180972
36.095564
29.376506
0.749598
0.581034
0.596233
0.429811
0.240534
0.191203
0.147987
0.086754
0.049946
~
37.658278
32.692018
26.339309
1.089255
0.595507
0.552858
0.498118
0.242869
0.191455
0.145399
0.100273
0.050454
~
57.81557
30.398177
25.958352
0.741123
0.594869
0.544141
0.473392
0.237271
0.192993
0.14569
0.111603
0.048977
~
56.092128
28.869169
27.567841
0.934509
~
36.644972
32.194407
29.183445
0.677488
0.564379
0.552109
0.451772
0.240239
0.193676
0.145331
0.098189
0.049099
~
48.543447
32.53078
24.081536
0.638944
0.566832
0.545435
0.395618
0.236104
0.1971
0.150592
0.113092
0.04786
~
43.295742
31.779218
26.597413
0.637159
0.568744
0.539093
0.473102
0.237478
0.186871
0.144747
0.099214
0.048543
~
57.221993
32.904296
24.905986
0.965688
0.557472
0.537272
0.403255
0.236543
0.189929
0.14408
0.113291
0.047301
~
51.268478
30.351154
25.959756
0.696289
0.555939
0.541848
0.708778
0.23598
0.191295
0.152451
0.087673
0.048148
~
49.649136
30.714551
25.306498
0.634084
0.532813
0.509413
0.453131
0.224784
0.178932
0.143953
0.110126
0.04458
~
41.826359
30.882108
26.144538
0.63217
0.552802
0.54027
0.783594
0.234118
0.189858
0.15366
0.121519
0.049215
~
49.084575
31.742273
25.382074
0.769547
0.564445
0.548294
0.409929
0.239423
0.20501
0.159197
0.09203
0.049044
~
39.333652
30.297357
26.610866
0.641679
0.56587
0.544784
0.750041
0.240811
0.189147
0.150436
0.101799
0.052848
~
95.199931
32.967261
27.286505
0.646824
0.561521
0.559923
0.486917
0.237846
0.192963
0.148567
0.088977
0.047679
~
58.891885
30.698158
26.257019
0.650929
0.53648
0.538799
0.464154
0.233291
0.18541
0.147839
0.122709
0.048616
~
69.606158
32.256727
27.780072
1.640393
0.566223
0.547453
0.483686
0.242111
0.186582
0.146553
0.091518
0.049039
~
42.959413
33.916779
27.684844
0.698194
0.556799
0.563247
0.466013
0.24134
0.193484
0.147419
0.099255
0.047879
~
37.911377
33.127174
27.442806
0.641028
0.548134
0.54036
0.405136
0.240358
0.191828
0.14974
0.115036
0.048719
~
37.590422
33.384136
27.266856
1.385805
0.56452
0.535935
0.495465
0.239908
0.190407
0.150632
0.112298
0.048429
~
79.020568
31.814702
24.726041
0.655555
0.560342
0.539295
0.390212
0.238645
0.190521
0.143842
0.115295
0.04846
~
39.707448
32.66504
24.787168
1.32747
0.56841
0.552
0.724979
0.257404
0.203415
0.149698
0.125245
0.048065
~
81.187375
33.054094
25.69267
0.830791
0.570329
0.541037
0.410732
0.241881
0.192448
0.154239
0.101268
0.048199
~
2.358526
1.494738
0.928054
0.628702
0.648745
0.567338
0.258423
0.237788
0.192122
0.143485
0.089034
0.048943
~
2.361936
1.545714
1.086987
0.637814
0.660715
0.609606
0.238686
0.237809
0.196715
0.148328
0.084753
0.050792
~
2.367961
1.275106
1.262782
0.632652
0.637206
0.585351
0.233575
0.241283
0.190815
0.148254
0.085701
0.049089
~
2.372077
1.500875
1.167676
0.640474
0.641278
0.570825
0.271263
0.244427
0.193794
0.145963
0.087012
0.045977
~
2.367247
1.296514
1.366144
0.628321
0.659079
0.549084
0.289544
0.239182
0.197352
0.148745
0.087968
0.048513
~
2.371983
1.774153
0.955845
0.627934
0.658456
0.572874
0.232163
0.238859
0.195936
0.1473
0.085816
0.048957
~
2.366638
1.773356
2.227379
0.626302
0.657784
0.555595
0.237112
0.241979
0.198694
0.140381
0.085662
0.049862
~
2.377182
1.734473
0.958986
0.622197
0.644221
0.578184
0.259131
0.233103
0.197043
0.143568
0.084237
0.049294
~
2.353774
1.709399
0.904471
0.62442
0.642112
0.583153
0.282969
0.242256
0.191303
0.136346
0.085223
0.047936
~
2.365866
1.774284
1.43517
0.630719
0.649903
0.559698
0.25129
0.236702
0.193026
0.141822
0.084894
0.047141
~
2.363444
1.257448
1.026034
0.627581
0.633392
0.573078
0.259118
0.243703
0.193016
0.14954
0.084504
0.048598
~
2.369123
1.781536
1.010236
0.630679
0.637403
0.561106
0.290018
0.239174
0.197791
0.141039
0.082794
0.049113
~
2.360716
1.5025
0.970567
0.625595
0.652573
0.590394
0.236252
0.238723
0.194672
0.146373
0.085176
0.049366
~
2.35996
1.593067
1.285809
0.628859
0.640229
0.563455
0.286121
0.237655
0.189533
0.146207
0.084772
0.047958
~
2.35833
1.247251
1.620019
0.648009
0.634212
0.559373
0.285539
0.239971
0.198628
0.139012
0.083615
0.048611
~
2.359326
1.794453
1.621316
0.644974
0.65414
0.577627
0.285273
0.240825
0.188791
0.145144
0.086204
0.04981
~
2.367044
1.764287
0.758956
0.630883
0.649504
0.569857
0.280101
0.238816
0.196063
0.14563
0.086067
0.047086
~
2.350343
1.581314
1.175605
0.626015
0.655145
0.580047
0.23971
0.232104
0.192873
0.147836
0.085881
0.049354
~
2.387862
1.787743
1.347519
0.631328
0.651224
0.563689
0.233876
0.236299
0.192654
0.144879
0.085092
0.046127
~
2.382356
1.845535
0.89114
0.645864
0.651053
0.554431
0.266571
0.237286
0.192913
0.14111
0.089804
0.049111
~
2.36269
1.758783
1.346396
0.652322
0.664198
0.555933
0.249541
0.240467
0.191661
0.138925
0.083567
0.045941
~
2.359505
1.633884
1.089302
0.621733
0.654041
0.574913
0.271638
0.234897
0.190306
0.14926
0.08473
0.048591
~
2.374123
1.275165
0.866057
0.627882
0.644151
0.5526
0.231931
0.241272
0.188266
0.148473
0.085589
0.050712
~
2.36378
1.529679
1.175662
0.622596
0.641524
0.569382
0.252799
0.246195
0.18908
0.149162
0.0851
0.051067
~
2.351182
1.534941
1.723202
0.620124
0.63346
0.551133
0.279049
0.238567
0.197771
0.135019
0.083657
0.047506
~
2.344503
1.482451
1.047462
0.631271
0.634939
0.551156
0.256378
0.240914
0.188015
0.141762
0.086769
0.049352
~
2.341063
1.795601
1.325159
0.626942
0.636319
0.567553
0.25062
0.236983
0.197227
0.132348
0.083738
0.048284
~
2.363105
1.760361
1.523403
0.637097
0.650282
0.591403
0.271134
0.233289
0.188159
0.148775
0.086803
0.049388
~
2.338678
1.737077
1.001108
0.62071
0.632498
0.558442
0.26127
0.23333
0.191881
0.138924
0.082365
0.047227
~
2.33665
1.623977
0.729346
0.619125
0.631149
0.562121
0.254221
0.234825
0.188444
0.140351
0.085025
0.048816
~
38.658946
31.17767
28.224511
0.75047
0.540937
0.532899
0.440118
0.236016
0.188076
0.152592
0.088887
0.046963
~
38.957917
30.498584
28.766709
0.733208
0.561853
0.537193
0.46464
0.242827
0.193688
0.145737
0.124252
0.050192
~
38.837337
31.570254
25.155399
0.729369
0.564717
0.534959
0.784525
0.220405
0.176609
0.137784
0.082294
0.044537
~
38.753095
31.468991
25.972554
0.648222
0.551227
0.577855
0.707511
0.244412
0.198624
0.161886
0.121117
0.049291
~
39.023515
28.890431
27.901863
0.757853
0.561207
0.546337
0.797556
0.246179
0.197326
0.145465
0.091399
0.04916
~
38.99354
34.260103
27.354642
0.745462
0.569407
0.556562
0.851361
0.245155
0.192119
0.143957
0.124503
0.048422
~
39.054326
30.43487
26.849784
0.914702
0.575635
0.545366
0.482667
0.234763
0.188723
0.15678
0.091068
0.0492
~
39.298181
32.230415
26.500485
0.736881
0.561543
0.545986
0.714081
0.241862
0.200095
0.151981
0.089945
0.051515
~
39.139427
33.432881
25.118263
0.649295
0.550122
0.549964
0.478213
0.238626
0.191199
0.146837
0.097994
0.047466
~
39.186806
42.42774
25.362178
0.658427
0.5744
0.54953
0.410067
0.240448
0.206188
0.160684
0.087677
0.050333
~
39.409068
32.737952
23.987027
0.73547
0.56264
0.562838
1.211748
0.241286
0.195393
0.155582
0.088177
0.048518
~
38.962199
30.341169
27.434618
0.658552
0.56806
0.573057
0.732928
0.241242
0.190933
0.1509
0.091701
0.04882
~
38.735485
30.208331
27.384886
0.634737
0.553584
0.540628
0.675456
0.236593
0.190045
0.154841
0.104365
0.04903
~
38.587871
31.317647
27.962918
0.642134
0.559039
0.537695
0.728314
0.236098
0.190473
0.152772
0.113065
0.050611
~
38.689492
28.42409
25.574912
0.646238
0.564721
0.542527
0.456656
0.237801
0.189383
0.147348
0.111556
0.048561
~
38.893132
30.41883
25.962864
0.641001
0.568548
0.565951
0.479595
0.241778
0.200996
0.156554
0.099049
0.049509
~
37.103058
44.718819
24.534373
0.739315
0.557656
0.539076
0.471406
0.238362
0.184755
0.146349
0.120075
0.04952
~
38.669932
29.849829
25.939013
0.748105
0.558211
0.538611
0.467791
0.235675
0.193085
0.147916
0.087844
0.047576
~
38.707171
31.527351
25.331792
1.344435
0.559911
0.527147
0.466305
0.233355
0.186496
0.153583
0.089292
0.048989
~
38.675059
28.795746
25.938512
0.690685
0.555741
0.547441
0.712074
0.237905
0.190121
0.150771
0.090792
0.050489
~
38.751609
30.503688
26.180332
0.649452
0.562008
0.550835
0.485671
0.23382
0.193541
0.14664
0.08777
0.049164
~
38.52492
29.371784
26.663333
0.647791
0.539961
0.541452
0.680515
0.237551
0.187219
0.153072
0.100798
0.05125
~
38.657686
30.396795
24.23592
0.638433
0.555263
0.533833
0.467046
0.237049
0.189738
0.142767
0.096131
0.048653
~
38.694849
31.293151
24.520423
0.618146
0.555749
0.542545
0.411174
0.239142
0.190824
0.143422
0.098811
0.048887
~
38.882026
31.794569
24.908415
0.706513
0.568156
0.54164
0.495643
0.239142
0.190535
0.143065
0.112374
0.047774
~
38.881178
31.61569
25.394526
1.888627
0.55897
0.548638
0.450649
0.240778
0.191821
0.163315
0.118124
0.045728
~
38.937628
34.562338
26.594911
0.637342
0.540193
0.541161
0.409304
0.233648
0.192342
0.154051
0.113305
0.04851
~
38.661762
29.62437
24.658199
0.640963
0.550316
0.542585
0.464266
0.236168
0.193771
0.150319
0.120748
0.050409
~
38.629449
29.09247
25.428606
0.857855
0.562722
0.529589
0.473337
0.237281
0.188363
0.146872
0.130354
0.050604
~
38.713472
37.559951
25.724567
0.638275
0.555368
0.538242
0.408579
0.23562
0.195014
0.148282
0.115772
0.050222
~
34.347317
28.384892
27.165975
0.65707
0.553934
0.545538
0.714333
0.236405
0.192224
0.153332
0.114573
0.050263
~
34.353075
29.772237
24.052302
0.656366
0.56065
0.544424
0.79924
0.238468
0.188087
0.146031
0.123041
0.047363
~
34.261664
31.201532
26.886193
0.616786
0.565157
0.537122
0.671394
0.235709
0.196753
0.153842
0.091414
0.050572
~
34.404638
30.057877
25.734473
0.648334
0.541038
0.542349
0.81498
0.241571
0.193345
0.149032
0.10207
0.047418
~
34.328543
30.440409
26.124591
0.634648
0.541655
0.542588
0.562587
0.239853
0.19067
0.143986
0.118961
0.049834
~
34.463688
28.904276
24.38645
0.634331
0.543105
0.541041
0.734123
0.240782
0.191861
0.147601
0.121129
0.048925
~
34.503042
31.286321
25.65657
0.696796
0.544398
0.539957
0.45613
0.238787
0.189615
0.157704
0.086835
0.045709
~
34.508067
33.125201
24.936793
0.658932
0.555163
0.535087
0.406552
0.239602
0.186153
0.14612
0.091525
0.049463
~
34.716813
29.216317
26.834874
0.706687
0.56732
0.556293
0.410724
0.243239
0.192063
0.161908
0.104495
0.052282
~
34.54809
32.191948
26.305537
1.325459
0.573488
0.539907
0.744215
0.247472
0.202755
0.163734
0.096543
0.048937
~
34.696283
29.635111
27.63777
0.658881
0.551871
0.536601
0.457129
0.240327
0.190624
0.160192
0.092768
0.049484
~
34.500725
30.683861
24.386231
1.540746
0.609004
0.552872
0.487619
0.242741
0.201669
0.167782
0.113864
0.05053
~
35.089537
29.778527
24.5566
0.76288
0.553898
0.551341
0.715324
0.246284
0.196146
0.151962
0.087518
0.050496
~
34.824271
39.903927
25.239765
0.648601
0.569691
0.545325
0.469464
0.245527
0.196865
0.148016
0.122427
0.048643
~
34.73701
30.480004
25.482926
0.775607
0.564899
0.547305
0.430201
0.235874
0.195494
0.148664
0.111732
0.062067
~
34.885312
30.564652
25.500522
0.713468
0.57081
0.547269
0.408396
0.247954
0.197732
0.148015
0.129432
0.049049
~
34.654637
30.758574
28.429516
0.636045
0.578225
0.55077
0.703469
0.245673
0.195782
0.16533
0.105063
0.047368
~
34.89612
41.328922
30.48672
0.664598
0.574927
0.545939
0.707134
0.234816
0.192215
0.160355
0.094444
0.050196
~
34.820045
29.010661
26.509302
0.677047
0.572869
0.544522
0.705568
0.247558
0.197692
0.163539
0.091038
0.052537
~
34.822569
28.219476
24.828879
0.676026
0.57063
0.539
0.901032
0.245462
0.207762
0.160959
0.088843
0.048672
~
34.807839
33.125564
26.82338
0.658411
0.559529
0.55089
0.481591
0.244905
0.189732
0.152231
0.122054
0.052653
~
34.773505
30.407661
28.041216
0.740708
0.562616
0.545475
0.491834
0.23946
0.188495
0.149469
0.127732
0.052865
~
34.664367
29.479148
25.041409
0.777885
0.562405
0.54492
0.458612
0.24775
0.190469
0.157838
0.118302
0.052778
~
34.635353
31.601383
26.191155
0.944536
0.565669
0.540405
0.402443
0.240845
0.193941
0.155486
0.088598
0.046798
~
34.565635
30.573809
26.195635
0.746515
0.566844
0.53984
0.92433
0.236171
0.19329
0.148556
0.121774
0.048181
~
33.940927
33.424937
28.666297
0.656151
0.557205
0.550912
0.840011
0.243347
0.200718
0.161716
0.1156
0.048656
~
34.498653
30.85576
24.483398
0.668039
0.561584
0.562084
0.404152
0.242333
0.194713
0.149707
0.086352
0.049844
~
34.543861
31.345821
25.655853
0.639385
0.542071
0.553268
0.451278
0.23359
0.196794
0.147712
0.119598
0.049424
~
34.553181
30.026648
24.610318
0.646913
0.56621
0.532978
0.40037
0.242658
0.19448
0.14363
0.09797
0.048555
~
34.600551
31.888033
24.425346
0.64874
0.550934
0.54318
0.47585
0.243925
0.189456
0.157927
0.102076
0.04861
~
52.904093
30.888315
26.59223
1.727401
0.547353
0.556018
0.688899
0.243142
0.198162
0.158376
0.125958
0.049036
~
85.948684
32.365648
29.924431
1.909558
0.569676
0.556743
0.733286
0.233208
0.191677
0.158161
0.093899
0.050204
~
101.032659
31.519928
25.283243
1.338236
0.571293
0.566932
0.501961
0.245588
0.198435
0.154218
0.091145
0.049509
~
83.002901
29.632619
29.616549
0.774679
0.571327
0.552538
0.471916
0.249593
0.197233
0.155364
0.091588
0.048913
~
44.370586
33.310273
24.250092
1.830728
0.569049
0.563909
0.77128
0.248912
0.202184
0.146967
0.092955
0.05427
~
57.328412
32.761977
30.620553
2.01906
0.568724
0.554034
0.4773
0.240167
0.196095
0.147108
0.091019
0.050029
~
49.784859
30.959524
26.802643
0.944317
0.5605
0.554418
0.49512
0.239501
0.202589
0.162239
0.11916
0.048789
~
43.262967
30.911515
26.74812
1.181099
0.564435
0.547517
0.474786
0.241763
0.192776
0.160862
0.119006
0.047968
~
42.155438
34.738575
26.045969
0.819807
0.560607
0.550309
0.497454
0.234574
0.192024
0.147398
0.125988
0.049094
~
55.49509
35.565977
25.75278
1.105861
0.56255
0.556405
0.726728
0.241814
0.191794
0.155035
0.093818
0.052125
~
70.03438
30.723676
27.360405
1.467927
0.558151
0.5475
0.470661
0.242423
0.195412
0.147927
0.113794
0.051999
~
48.651183
32.107219
25.807897
1.572914
0.569289
0.538375
0.694357
0.243553
0.194303
0.155351
0.098666
0.045955
~
41.849614
31.401829
26.646482
1.356227
0.576186
0.556582
0.489451
0.257679
0.19897
0.145725
0.10744
0.053429
~
74.542866
31.475401
26.377616
1.224277
0.55777
0.538685
0.396299
0.238367
0.189536
0.147556
0.100219
0.047851
~
44.671581
28.681804
26.378667
0.729536
0.555989
0.540669
0.462908
0.236734
0.186262
0.155901
0.093775
0.048475
~
41.224009
31.621674
27.811607
1.426476
0.544692
0.533711
0.760158
0.240239
0.18541
0.155477
0.08846
0.046712
~
53.735459
30.122715
28.736855
1.577208
0.552185
0.550797
0.682696
0.234822
0.186819
0.148051
0.08972
0.048389
~
109.359582
30.882093
27.007333
1.400799
0.571922
0.532986
0.661031
0.233421
0.191418
0.155152
0.106737
0.049585
~
44.424883
30.507238
26.898958
1.625632
0.55299
0.563651
0.463897
0.231059
0.189806
0.157228
0.090286
0.04889
~
45.899123
31.094421
28.240686
2.014427
0.563823
0.551677
0.634503
0.24088
0.19999
0.148144
0.089719
0.048225
~
46.452181
30.589454
26.805882
1.207984
0.555263
0.534891
0.478895
0.240253
0.193127
0.15841
0.089247
0.04931
~
86.630872
30.811936
25.965514
1.391528
0.560163
0.532714
0.408659
0.23995
0.191134
0.146452
0.121806
0.048274
~
54.626037
32.61719
25.307094
1.380114
0.557148
0.532936
0.464473
0.235384
0.189896
0.159825
0.086638
0.048545
~
52.263746
30.309671
25.349361
1.003377
0.554769
0.535558
0.661965
0.246472
0.199559
0.144914
0.08863
0.048773
~
90.998132
30.468263
25.845788
0.840639
0.554958
0.550883
0.906639
0.231621
0.19934
0.153144
0.125091
0.049454
~
37.909885
29.762004
26.073234
1.82412
0.551639
0.544477
0.467737
0.236681
0.185524
0.144012
0.104674
0.049645
~
70.299355
31.409009
25.823788
0.815454
0.559795
0.533885
0.407221
0.237748
0.193858
0.142037
0.088591
0.047481
~
59.035387
28.945986
23.7345
1.559615
0.555415
0.537729
0.463122
0.239958
0.190591
0.144501
0.087229
0.048423
~
38.291104
30.711652
27.376134
1.026379
0.555363
0.541615
0.477374
0.235412
0.189609
0.148824
0.096873
0.04711
~
44.233971
30.987688
26.664594
1.411659
0.555999
0.535724
0.648086
0.239326
0.196518
0.15689
0.114333
0.049526
~
115.683352
~
112.758894
~
111.80862
~
114.337411
~
114.060583
~
110.428395
~
112.220753
~
112.715132
~
111.86274
~
109.693227
~
112.141212
~
112.534365
~
111.478491
~
113.18555
~
110.826735
~
111.23553
~
112.107437
~
110.596903
~
111.68321
~
110.734603
~
110.484715
~
112.077111
~
112.369997
~
111.43615
~
112.882481
~
113.032046
~
111.809587
~
110.244426
~
111.320275
~
116.476552
~
110.083865
~
108.98343
~
105.838833
~
109.856557
~
106.248814
~
110.724425
~
105.3493
~
106.938306
~
108.066464
~
111.145966
~
107.949574
~
107.281768
~
107.183079
~
108.228158
~
108.049108
~
106.849635
~
105.839747
~
110.522541
~
104.538399
~
104.96345
~
108.238898
~
106.731436
~
107.340161
~
103.03191
~
107.698764
~
108.460092
~
110.688619
~
104.653016
~
107.131176
~
107.003586
~
41.074526
32.187741
26.199135
0.674149
0.538729
0.53826
0.406524
0.240739
0.190161
0.144664
0.124346
0.04933
~
40.894859
31.815549
24.924488
0.607697
0.517133
0.514534
0.716313
0.224564
0.186436
0.138063
0.082289
0.044616
~
40.887593
29.959753
28.642582
0.639689
0.542163
0.530353
0.837915
0.237418
0.186523
0.148131
0.105856
0.048835
~
40.862813
33.68772
25.506418
0.710361
0.54228
0.537085
0.465779
0.237566
0.186953
0.147107
0.090506
0.049227
~
40.837255
30.66204
25.220373
0.620993
0.510556
0.505707
0.420671
0.225683
0.179817
0.13897
0.093995
0.044177
~
38.4637
27.356024
23.696176
0.623915
0.555147
0.507495
0.379339
0.22174
0.17689
0.136656
0.082498
0.044145
~
38.484403
28.179191
23.359964
0.689793
0.508264
0.50684
0.455348
0.212794
0.176218
0.141781
0.102297
0.044271
~
38.449849
35.318918
25.005527
0.625204
0.509443
0.504143
0.638468
0.221665
0.176621
0.136605
0.10576
0.044673
~
38.505012
32.463573
24.148171
0.599896
0.508441
0.506251
0.378081
0.221609
0.176327
0.136135
0.081359
0.044258
~
38.23641
30.495557
24.48297
0.623325
0.509938
0.501598
0.708477
0.222005
0.176283
0.136302
0.081258
0.044313
~
38.354937
44.306523
24.762055
0.615638
0.509345
0.507319
0.819343
0.22364
0.176757
0.136494
0.081572
0.04456
~
38.303025
27.886324
24.732589
0.633053
0.510038
0.501071
0.663256
0.221634
0.176808
0.136586
0.113501
0.044293
~
38.476692
26.769143
26.568559
0.599287
0.509801
0.513531
0.682323
0.221357
0.183543
0.136429
0.110737
0.04427
~
38.644349
30.413506
25.446734
0.601225
0.509306
0.508189
0.436631
0.22244
0.177852
0.143077
0.082157
0.044846
~
38.505506
32.829849
24.724119
0.630732
0.509054
0.506965
0.713066
0.221984
0.177051
0.136641
0.082717
0.044539
~
38.512905
42.114016
23.55801
0.611476
0.524051
0.507145
0.649868
0.221445
0.176839
0.136624
0.093339
0.044415
~
38.500121
27.751181
24.388015
0.601245
0.508625
0.506356
0.59081
0.221793
0.176442
0.143351
0.08246
0.044378
~
38.230082
29.740678
25.623568
0.622405
0.509942
0.50718
0.378591
0.221443
0.176634
0.136493
0.106269
0.044387
~
38.611532
30.121591
25.265507
0.612245
0.508463
0.506623
0.556847
0.221529
0.183908
0.136366
0.082449
0.044411
~
38.27454
28.983562
25.041636
0.614106
0.523582
0.514498
0.4339
0.221601
0.183938
0.147553
0.094373
0.044364
~
38.391026
29.514981
25.259282
0.602101
0.510117
0.507415
0.435767
0.221569
0.184583
0.142581
0.081699
0.044711
~
38.410517
30.077333
23.874654
0.614889
0.509462
0.50753
0.378905
0.221651
0.184171
0.142051
0.121626
0.04468
~
38.318552
29.348805
26.055587
0.598325
0.510129
0.501287
0.574031
0.221744
0.177328
0.136768
0.093552
0.044636
~
38.362176
30.16697
24.604044
0.607072
0.510395
0.507674
0.663801
0.221859
0.177144
0.136929
0.0817
0.044603
~
38.39898
50.87954
23.888816
0.608635
0.510043
0.50194
0.434669
0.221542
0.17672
0.13657
0.082622
0.044459
~
38.38071
28.642933
24.792192
0.668611
0.518229
0.516022
0.385478
0.227678
0.179827
0.136913
0.105451
0.04499
~
38.456813
28.350951
23.746646
0.62426
0.516571
0.50799
0.446792
0.221772
0.176975
0.137034
0.081851
0.044591
~
38.396029
28.582631
23.917303
0.691477
0.526129
0.50762
0.62281
0.221764
0.177062
0.136909
0.1052
0.044755
~
38.319475
30.98219
24.401675
0.615274
0.54761
0.507195
0.44554
0.221354
0.176778
0.136531
0.094822
0.045703
~
38.539102
29.425364
24.261585
0.608205
0.50981
0.50184
0.6745
0.22201
0.176974
0.136808
0.113715
0.044688
~
37.379155
31.106016
24.278214
0.656027
0.524813
0.513391
0.452738
0.221169
0.180235
0.137174
0.097942
0.044652
~
37.52442
28.444458
22.233785
0.61563
0.508815
0.506714
0.61662
0.221582
0.176656
0.136836
0.082676
0.044435
~
37.539543
29.08313
25.36627
0.663521
0.509436
0.501004
0.422768
0.221415
0.177012
0.136601
0.109725
0.044577
~
37.355257
40.050283
23.872839
0.597646
0.509426
0.506595
0.43343
0.222042
0.176659
0.136498
0.098349
0.044509
~
37.309003
30.119335
24.601756
0.625309
0.509692
0.507944
0.686122
0.221692
0.177094
0.136835
0.105327
0.044615
~
37.541656
31.652199
24.309757
0.632352
0.509908
0.507751
0.684183
0.22153
0.176787
0.136672
0.082883
0.044552
~
37.333056
28.370142
24.40718
0.625775
0.510356
0.507984
0.435959
0.22897
0.180344
0.151223
0.082007
0.045419
~
37.33885
27.595666
24.799731
0.606926
0.508938
0.500862
0.444808
0.221834
0.176627
0.136599
0.082488
0.044479
~
37.480264
29.765647
24.485758
0.609414
0.510433
0.510914
0.616919
0.222015
0.17717
0.136687
0.10592
0.044852
~
37.448735
29.808318
23.688711
0.613145
0.508284
0.500119
0.70855
0.221776
0.176601
0.142042
0.081495
0.044455
~
37.496305
32.645155
25.106322
0.633905
0.510199
0.501947
0.389623
0.221767
0.176827
0.136682
0.10942
0.044665
~
37.462554
27.532474
23.094675
0.884364
0.509123
0.50075
0.683582
0.221964
0.176611
0.13645
0.108194
0.044408
~
37.335475
33.071687
23.280769
0.605595
0.509292
0.500565
0.597338
0.221733
0.183934
0.136536
0.090329
0.044427
~
37.393965
28.434536
24.285677
0.608211
0.51011
0.501554
0.620524
0.221629
0.177165
0.142254
0.097362
0.044649
~
37.340448
27.902975
25.19014
0.640747
0.510179
0.507799
0.628901
0.221787
0.176822
0.13682
0.081905
0.04473
~
37.539906
29.748291
26.555392
0.61944
0.510476
0.509396
0.436506
0.222421
0.177799
0.1376
0.106363
0.045002
~
37.925
28.698046
25.29449
0.621263
0.512055
0.500234
0.433289
0.226589
0.180253
0.135846
0.115675
0.046377
~
37.643084
29.155704
26.475982
0.950997
0.509314
0.50697
0.433326
0.221886
0.176779
0.142243
0.106511
0.044886
~
37.76444
28.809823
24.623591
0.62268
0.509307
0.500757
0.433542
0.221604
0.176656
0.13673
0.094678
0.044684
~
37.540924
29.488735
23.850247
0.607777
0.517254
0.502537
0.424155
0.221941
0.17694
0.148058
0.082774
0.044644
~
37.503989
27.642313
22.630134
1.159241
0.509037
0.500259
0.621725
0.221763
0.176461
0.136436
0.106404
0.044539
~
37.258592
27.709059
24.124121
0.600785
0.517135
0.506847
0.445179
0.221612
0.176535
0.142188
0.082571
0.044491
~
37.401527
28.934411
24.325938
0.601115
0.510312
0.50188
0.726831
0.22198
0.177208
0.137154
0.105699
0.044883
~
37.690287
33.733269
25.020384
0.617221
0.563809
0.502303
0.723638
0.222014
0.176786
0.136917
0.110621
0.044629
~
37.560422
27.263095
24.746571
0.607904
0.509263
0.500205
0.650555
0.222515
0.177377
0.137054
0.092534
0.045031
~
37.634783
28.924486
24.214769
0.626787
0.513452
0.502365
0.422584
0.223982
0.177198
0.137234
0.132468
0.044646
~
37.602351
27.91249
25.475728
0.609517
0.510898
0.502509
0.380453
0.222336
0.177301
0.137032
0.114171
0.044703
~
37.545693
26.143921
22.274913
0.617332
0.510363
0.501604
0.601085
0.223818
0.17697
0.136867
0.10223
0.044654
~
37.520497
30.575079
25.803713
0.607926
0.556251
0.510774
0.468365
0.23208
0.181585
0.148583
0.084726
0.044832
~
37.662914
30.251307
24.503336
0.624519
0.510994
0.508051
0.379227
0.222168
0.178662
0.147457
0.099957
0.046923
~
37.725755
29.292335
24.621939
1.324083
~
38.024198
28.892169
24.814663
1.242798
0.525042
0.510465
0.475019
0.229567
0.184771
0.142842
0.079074
0.044939
~
37.873228
29.040635
24.204664
1.277951
0.526715
0.503554
0.467704
0.222317
0.177454
0.137357
0.107262
0.044946
~
39.099896
30.962213
23.399819
1.283509
0.560278
0.531884
0.46038
0.236567
0.188273
0.15254
0.087703
0.048787
~
39.765154
29.598058
24.6363
1.666167
0.552658
0.528683
0.460716
0.229841
0.189178
0.143755
0.087922
0.046551
~
39.391142
35.871526
26.181202
1.538578
0.550716
0.52162
0.79352
0.233828
0.194464
0.136069
0.084553
0.049378
~
39.164023
30.884427
24.963969
1.909467
0.560662
0.528102
0.380617
0.232075
0.190372
0.147159
0.09203
0.05461
~
39.247084
32.810964
27.057685
183.69349
~
39.465172
38.655248
25.575686
2.173411
~
39.352791
30.758076
25.103186
1.448993
0.525927
0.529167
0.442829
0.236389
0.194879
0.155043
0.092694
0.051987
~
39.062573
34.682074
24.115741
1.591103
0.556779
0.528863
0.660671
0.227463
0.179092
0.157516
0.085712
0.055976
~
39.916801
30.800848
24.851322
2.21499
0.558189
0.527922
0.457607
0.2398
0.189605
0.144384
0.085648
0.050771
~
39.921824
31.12899
26.323702
1.287938
~
38.402351
30.059078
22.203213
2.145192
~
37.486367
28.884483
24.849196
66.028882
~
37.438478
27.334907
23.938588
1.897655
0.534058
0.529344
0.433694
0.222749
0.185111
0.139992
0.08955
0.044643
~
37.551037
28.382683
22.46299
1.359438
0.524182
0.501714
0.445308
0.22178
0.176927
0.136543
0.082539
0.044252
~
37.577697
89.48428
25.812792
1.251007
0.524825
0.50191
0.696661
0.221617
0.176972
0.136889
0.105656
0.044576
~
37.546255
33.188261
24.992687
1.558122
0.533519
0.505519
0.671712
0.221103
0.176226
0.136056
0.088845
0.044356
~
37.439221
32.154885
24.774227
2.109289
0.524917
0.501883
0.6189
0.22154
0.184055
0.142163
0.081423
0.044508
~
37.521118
31.070436
22.695347
1.392793
0.554774
0.500668
0.659254
0.221699
0.183701
0.141886
0.094252
0.044319
~
37.422585
29.117875
24.624265
1.448013
0.523261
0.500658
0.524614
0.221733
0.183771
0.136364
0.082413
0.044343
~
37.528504
30.63465
26.027108
1.11729
0.524847
0.502091
0.675328
0.221844
0.177072
0.14802
0.081771
0.044591
~
37.545823
30.951304
24.06551
1.642915
0.524875
0.501882
0.613185
0.221777
0.176718
0.142289
0.081762
0.04357
~
37.342982
54.871604
23.824372
1.324311
0.524924
0.502124
0.456735
0.221843
0.17682
0.136708
0.097271
0.044745
~
37.388011
32.129578
23.877239
1.294222
~
37.518262
28.783932
24.397382
0.936076
0.523281
0.500679
0.413489
0.221283
0.176314
0.14187
0.092974
0.044197
~
37.352569
29.328047
23.193683
1.097029
0.527167
0.504821
0.448899
0.223474
0.186348
0.144839
0.096661
0.046231
~
37.548592
31.950845
25.66048
1.33777
0.526672
0.504734
0.425217
0.223458
0.178893
0.139097
0.084383
0.046234
~
37.61178
29.172142
24.103209
1.19567
0.526939
0.504646
0.371137
0.224056
0.1788
0.150463
0.10489
0.046123
~
30.948452
30.028211
25.770194
1.951022
0.533487
0.502058
0.445989
0.222006
0.187165
0.145311
0.110055
0.046428
~
30.969485
30.877259
24.164545
0.783454
0.525974
0.50993
0.416191
0.231376
0.178382
0.146296
0.085202
0.048238
~
31.228507
31.010516
24.968441
0.6091
0.515478
0.511232
0.437292
0.222457
0.177598
0.137229
0.113442
0.044422
~
30.922743
31.486872
25.253067
0.73552
0.533018
0.543932
0.475099
0.235739
0.198938
0.144059
0.098984
0.046199
~
31.861264
30.429811
25.437503
0.962933
0.529801
0.508259
0.463958
0.224803
0.181969
0.140446
0.084859
0.043949
~
31.170178
30.085572
25.840001
0.624385
0.516797
0.508314
0.386332
0.223134
0.178512
0.138324
0.106678
0.046115
~
31.160087
27.513733
24.3229
0.705881
0.531384
0.508105
0.437985
0.225529
0.178405
0.139489
0.083461
0.045628
~
31.182429
27.084866
25.970236
0.704496
0.529581
0.515612
0.735173
0.223437
0.17884
0.139556
0.081928
0.045345
~
31.165577
30.088626
26.524015
0.827621
0.517626
0.50966
0.687044
0.223172
0.178651
0.140075
0.090261
0.044722
~
31.168721
31.155251
25.364431
0.964389
0.527564
0.514833
0.616068
0.22576
0.181023
0.140551
0.111055
0.045668
~
31.169591
30.409378
25.580549
0.923183
0.530853
0.512954
0.439995
0.22337
0.178719
0.139399
0.115736
0.046274
~
31.150334
31.302118
24.130787
0.705163
0.531668
0.507789
0.624653
0.222899
0.179603
0.151292
0.082988
0.044849
~
31.300492
30.034458
24.812245
0.606127
0.530923
0.513965
0.389432
0.228217
0.179792
0.151258
0.084422
0.045219
~
31.181524
29.851894
24.399606
1.573528
0.547949
0.511502
0.442778
0.22491
0.187566
0.142858
0.116051
0.044805
~
31.34523
29.6439
24.021453
1.570793
0.550238
0.509328
0.451598
0.226453
0.187487
0.137077
0.096522
0.047414
~
31.391562
32.174821
25.035936
0.610498
0.53092
0.515035
0.615193
0.224458
0.179303
0.141562
0.09641
0.044886
~
31.180676
29.674412
26.020167
0.843665
0.529779
0.516081
0.664758
0.224332
0.17789
0.138138
0.099393
0.045155
~
31.189873
31.055259
25.234871
0.885941
0.531234
0.515807
0.462509
0.225781
0.178418
0.138178
0.084586
0.048265
~
31.206214
29.605806
26.255434
0.884188
0.548846
0.513358
0.756092
0.225284
0.178045
0.140801
0.084253
0.046324
~
31.207003
31.685231
24.129086
1.004493
0.530938
0.507601
0.625395
0.226495
0.186916
0.137875
0.095437
0.045195
~
31.190532
29.907139
27.124669
0.807906
0.529057
0.573415
0.466489
0.229653
0.181055
0.148857
0.085775
0.046231
~
31.268361
30.309335
25.301838
0.586824
0.5331
0.515772
0.432171
0.223764
0.180659
0.139089
0.10702
0.046098
~
31.223373
31.654452
23.912827
0.708725
0.534031
0.509705
0.385343
0.223787
0.177812
0.139912
0.121096
0.046856
~
31.249262
31.02614
24.427428
1.633647
0.53166
0.54432
0.434234
0.220883
0.177876
0.139599
0.100946
0.046223
~
31.533412
31.563612
22.996261
2.167716
0.530777
0.507606
0.453526
0.225158
0.186911
0.140159
0.080905
0.046665
~
31.193426
29.887952
26.234988
0.660343
0.567534
0.513756
0.408527
0.227938
0.178459
0.138294
0.084099
0.044834
~
31.253854
31.595183
26.853102
0.709764
0.532288
0.513282
0.439074
0.223982
0.178908
0.140751
0.118541
0.048112
~
31.23789
30.446945
25.264765
0.845819
0.529973
0.511652
0.444284
0.225016
0.178318
0.139855
0.099255
0.045472
~
31.19999
30.953471
26.325224
1.554698
0.534046
0.509365
0.438324
0.223808
0.186514
0.149638
0.083209
0.04521
~
31.258636
28.889436
23.942719
0.646254
0.51676
0.51275
0.689587
0.224648
0.188843
0.14042
0.083629
0.045432
~
110.906075
~
112.852515
~
112.211803
~
111.773958
~
113.677391
~
114.297389
~
112.325347
~
113.576565
~
112.897623
~
114.444019
~
110.640993
~
113.77274
~
111.965308
~
111.520754
~
111.211173
~
111.893673
~
110.347547
~
111.56032
~
114.040382
~
111.654109
~
111.825747
~
110.832483
~
109.603691
~
109.6425
~
111.480474
~
110.973317
~
110.815422
~
110.989274
~
113.750459
~
111.15052
~
