1.359434
1.160293
0.95747
~
1.343747
1.157029
0.972172
~
1.340725
1.169018
0.966033
~
1.35043
1.164645
0.93232
~
1.309534
1.14178
0.931216
~
1.341675
1.131738
0.937488
~
1.344613
1.088421
0.925426
~
1.325902
1.11303
0.949789
~
1.310287
1.154889
0.9445
~
1.330986
1.142614
0.909793
~
1.32236
1.155666
0.924154
~
1.330081
1.15843
0.942353
~
1.255639
1.146499
0.950819
~
1.334377
1.11676
0.965676
~
1.325675
1.114502
0.966607
~
1.287334
1.108226
0.941243
~
1.353561
1.154285
0.945555
~
1.346367
1.105267
0.961324
~
1.339422
1.161098
0.950517
~
1.322811
1.154561
0.94392
~
1.337815
1.142661
0.946471
~
1.332129
1.116356
1.048668
~
1.279493
1.241808
1.052816
~
1.313208
1.184772
0.959885
~
1.366461
1.124896
0.964447
~
1.329687
1.193954
0.934996
~
1.379536
1.114784
0.949107
~
1.377127
1.118325
0.931947
~
1.320589
1.172986
0.934356
~
1.320689
1.195791
0.977405
~
1.367292
1.286619
1.04462
0.793497
~
1.361167
1.238544
0.998746
0.834401
~
1.410518
1.221994
1.018208
0.743455
~
1.312258
1.226776
0.995143
0.822609
~
1.324421
1.214099
0.992339
0.798262
~
1.293588
1.20687
0.986999
0.814109
~
1.32117
1.173983
0.982193
0.727658
~
1.291116
1.116196
0.985697
0.813317
~
1.31982
1.219995
0.982073
0.788287
~
1.32059
1.215833
0.929161
0.762336
~
1.234192
1.186252
1.002157
0.763114
~
1.276324
1.21217
0.934908
0.794895
~
1.335673
1.197455
0.97043
0.818423
~
1.310759
1.117833
0.979682
0.781177
~
1.329469
1.179595
0.963193
0.790255
~
1.327301
1.220765
1.008913
0.852769
~
1.356698
1.233453
1.006436
0.794653
~
1.268892
1.196314
0.90572
0.763825
~
1.282869
1.134733
1.001607
0.82409
~
1.353885
1.220041
0.945834
0.807782
~
1.338821
1.219196
1.044552
0.783552
~
1.339986
1.21242
1.032696
0.831047
~
1.382796
1.284207
1.057226
0.789299
~
1.314078
1.210193
1.005981
0.783148
~
1.319303
1.187333
0.98112
0.75886
~
1.315677
1.184434
0.958175
0.816317
~
1.313052
1.195235
0.936868
0.748056
~
1.323588
1.216213
0.95594
0.769928
~
1.284125
1.201261
0.983431
0.783621
~
1.313959
1.192414
1.011417
0.781766
~
0.036064
0.032339
0.030503
0.02816
0.025653
0.023913
0.023374
0.021834
0.01809
0.016801
0.015517
0.013866
~
0.038094
0.033892
0.030661
0.028813
0.027596
0.025888
0.023053
0.020487
0.01816
0.016703
0.01496
0.012677
~
0.037208
0.033417
0.032305
0.028767
0.027018
0.024809
0.022619
0.020282
0.019764
0.016854
0.015082
0.012503
~
0.036686
0.032607
0.030582
0.028234
0.026868
0.025415
0.023304
0.020453
0.018818
0.016416
0.014375
0.012617
~
0.038256
0.031896
0.030904
0.02815
0.027838
0.025305
0.023403
0.020095
0.017926
0.016503
0.016108
0.012561
~
0.036081
0.03254
0.030404
0.028783
0.026855
0.02569
0.023969
0.022148
0.018734
0.016473
0.01489
0.012939
~
0.036886
0.034419
0.031242
0.02884
0.026876
0.024919
0.022801
0.020487
0.019449
0.017159
0.014856
0.012772
~
0.036239
0.032909
0.029193
0.02701
0.025111
0.023256
0.021781
0.019033
0.017051
0.015368
0.013364
0.012401
~
0.036901
0.032312
0.031867
0.028987
0.027109
0.024385
0.023723
0.020482
0.018021
0.016569
0.014656
0.013194
~
0.037283
0.033005
0.031306
0.029102
0.027688
0.024844
0.023579
0.020502
0.01876
0.015728
0.013286
0.012571
~
0.037105
0.033454
0.032075
0.030135
0.027465
0.025039
0.023413
0.020741
0.018625
0.01628
0.015238
0.01232
~
0.03663
0.032222
0.029866
0.027633
0.026188
0.023465
0.021382
0.018916
0.017011
0.015114
0.013277
0.011302
~
0.034692
0.032418
0.031646
0.028715
0.026744
0.026061
0.023772
0.020899
0.019001
0.017102
0.014967
0.012858
~
0.036495
0.032875
0.030502
0.028365
0.026797
0.024941
0.023451
0.020524
0.018296
0.01665
0.014774
0.012386
~
0.036493
0.033081
0.032228
0.028744
0.026288
0.024178
0.022537
0.019999
0.018715
0.016604
0.015568
0.013234
~
0.036156
0.032455
0.030393
0.028973
0.026824
0.025114
0.023408
0.020354
0.018517
0.01653
0.014716
0.012638
~
0.036898
0.033361
0.03222
0.028444
0.026728
0.024649
0.022646
0.020191
0.018551
0.016669
0.014353
0.013086
~
0.036908
0.032881
0.030742
0.028546
0.026214
0.02401
0.022093
0.02021
0.018488
0.015988
0.015273
0.012914
~
0.035951
0.032406
0.030399
0.029626
0.026923
0.024804
0.022831
0.020303
0.018696
0.016586
0.01444
0.012612
~
0.037027
0.032698
0.030412
0.028301
0.026689
0.024817
0.023639
0.02099
0.018437
0.016641
0.014929
0.012339
~
0.036835
0.032889
0.030372
0.028182
0.02594
0.023874
0.022545
0.019831
0.018223
0.015991
0.014615
0.012105
~
0.037523
0.03259
0.030726
0.028443
0.026845
0.024866
0.022897
0.021189
0.018436
0.016534
0.015021
0.012724
~
0.037066
0.033209
0.031073
0.0304
0.026752
0.023151
0.022683
0.0201
0.018227
0.016575
0.014567
0.012653
~
0.037306
0.031884
0.030723
0.029262
0.028331
0.024766
0.023028
0.020908
0.018548
0.017004
0.014179
0.012596
~
0.036712
0.037101
0.030903
0.030887
0.027452
0.025155
0.023425
0.020831
0.018935
0.01703
0.01488
0.012668
~
0.038137
0.033186
0.031068
0.028995
0.026779
0.024651
0.022525
0.020586
0.018057
0.015874
0.014088
0.012525
~
0.03816
0.032801
0.030499
0.030063
0.026604
0.026307
0.022803
0.020266
0.018563
0.017591
0.015127
0.01275
~
0.037692
0.033352
0.031199
0.028581
0.027352
0.025573
0.022873
0.020497
0.018306
0.016374
0.015147
0.012427
~
0.036888
0.032297
0.029621
0.029438
0.026877
0.025948
0.022417
0.020251
0.01872
0.016632
0.014832
0.012695
~
0.037636
0.033313
0.032566
0.02905
0.026923
0.024813
0.022862
0.021509
0.020005
0.017544
0.014702
0.012503
~
1.317558
1.126733
0.962041
~
1.323635
1.161386
0.954273
~
1.303607
1.129663
0.9663
~
1.32383
1.098661
0.898829
~
1.244507
1.152695
0.966622
~
1.389525
1.168046
0.945079
~
1.318037
1.144538
0.964482
~
1.31982
1.162848
0.950611
~
1.344321
1.15867
0.945554
~
1.317631
1.159314
0.969684
~
1.321041
1.118913
0.940794
~
1.333666
1.148443
0.953134
~
1.326277
1.166549
0.959698
~
1.314271
1.126797
0.958467
~
1.302805
1.10807
0.952901
~
1.316471
1.165999
0.957548
~
1.324542
1.150703
0.936824
~
1.288829
1.153455
0.953664
~
1.318652
1.130828
0.95953
~
1.323366
1.1445
0.946422
~
1.326149
1.175972
0.96658
~
1.315285
1.082381
0.96715
~
1.306455
1.172481
0.990452
~
1.340018
1.148172
0.956205
~
1.329469
1.158643
0.97201
~
1.320727
1.14793
0.942103
~
1.318044
1.14086
0.961866
~
1.398502
1.271139
1.067051
~
1.429213
1.17154
0.945144
~
1.492749
1.263187
1.01778
~
1.351289
1.142896
1.005645
~
1.376209
1.150266
0.965598
~
1.280376
1.158942
1.028019
~
1.367601
1.143825
0.939941
~
1.291134
1.151892
0.998411
~
1.28693
1.126697
0.933441
~
1.23136
1.095833
0.952362
~
1.267745
1.107263
0.913845
~
1.24375
1.160256
0.943756
~
1.277261
1.107713
0.92856
~
1.291607
1.126278
0.93366
~
1.29776
1.086948
0.930305
~
1.26425
1.122333
0.908293
~
1.268628
1.113943
0.924659
~
1.29611
1.083258
0.939829
~
1.28794
1.106336
0.940455
~
1.283776
1.083995
0.929763
~
1.282904
1.144741
0.919522
~
1.285131
1.061675
0.884296
~
1.291983
1.09884
0.926916
~
1.282613
1.119506
0.937874
~
1.277135
1.109405
0.920178
~
1.278985
1.118131
0.951933
~
1.286442
1.09498
0.919522
~
1.303623
1.055052
0.966139
~
1.28656
1.116358
0.932827
~
1.262884
1.083052
0.932286
~
1.238508
1.086349
0.94288
~
1.309746
1.135744
0.919821
~
1.257522
1.095302
0.906477
~
1.292568
1.151084
0.91972
~
1.277654
1.14336
0.874375
~
1.263641
1.128892
0.93017
~
1.288365
1.14086
0.955298
~
1.24634
1.130506
0.937221
~
1.263425
1.108507
0.93669
~
1.289481
1.13436
0.924932
~
1.271896
1.141989
0.93975
~
1.292525
1.148082
0.891118
~
1.268276
1.144849
0.928364
~
1.269475
1.150437
0.911739
~
1.293953
1.129093
0.934161
~
1.286101
1.138602
0.92295
~
1.288313
1.095667
0.872271
~
1.288999
1.1226
0.935131
~
1.290703
1.151244
0.935022
~
1.289512
1.128654
0.927668
~
1.29897
1.110974
0.933498
~
1.272802
1.104665
0.925603
~
1.287529
1.174544
0.92019
~
1.300309
1.149752
0.917548
~
1.298763
1.129342
0.936594
~
1.29924
1.114804
0.94416
~
1.296579
1.139721
0.940671
~
1.291534
1.134506
0.920284
~
1.287157
1.057474
0.878299
~
1.296573
1.13406
0.943315
~
1.28923
1.112305
0.915228
~
1.223171
1.112494
0.909925
~
1.298511
1.127173
0.894848
~
0.036278
0.030797
0.900364
~
0.039099
0.032684
0.866067
~
0.039551
0.034633
0.931595
~
0.038705
0.032635
0.031529
0.030204
0.028585
0.025737
0.021972
0.019328
0.016897
0.015004
0.013167
0.011177
~
0.036652
1.118712
0.942004
~
0.036188
1.149429
0.879719
~
0.037592
1.120241
0.917087
~
0.036278
1.108634
0.925026
~
0.038233
0.034737
0.890482
~
0.038082
1.115033
0.907157
~
0.03841
0.033141
0.031391
0.029074
0.027069
0.024807
0.022625
0.020887
0.018302
0.016276
0.014487
0.01217
~
0.037838
0.032249
0.030354
0.028742
0.026159
0.023909
0.021887
0.020069
0.017716
0.015823
0.014073
0.012155
~
0.038643
0.032148
0.03041
0.029015
0.02707
0.025156
0.023428
0.02077
0.0184
0.016314
0.014257
0.012008
~
0.037433
1.147926
0.933112
~
0.038584
1.103946
0.950697
~
0.039112
1.144618
0.928655
0.028785
0.026804
0.024756
0.022627
0.020857
0.018616
0.016666
0.014503
0.012379
~
0.037854
1.154896
0.938524
~
0.038264
0.032809
0.873806
~
0.038278
0.0342
0.920467
~
0.040213
0.034879
0.028987
0.026697
0.024967
0.023001
0.021055
0.02181
0.018546
0.016526
0.014305
0.013108
~
0.038302
0.035009
0.030582
0.028512
0.026948
0.024158
0.021981
0.0201
0.01778
0.016557
0.014298
0.011314
~
0.038132
0.03276
0.917701
~
0.038143
0.03428
0.031148
0.028618
0.026954
0.024865
0.022851
0.020903
0.018474
0.017319
0.016531
0.013032
~
0.038866
0.034422
0.030509
0.028742
0.025157
0.022982
0.021029
0.019158
0.016886
0.015348
0.013383
0.011567
~
0.038192
0.030627
0.0314
~
0.036963
1.106072
0.925319
~
0.039066
0.036157
0.867206
~
0.035884
0.037689
0.925212
~
0.038593
0.033185
0.908722
~
0.041406
1.107072
0.938132
~
1.281683
1.125209
0.918093
~
1.260287
1.084378
0.94669
~
1.268769
1.130243
0.915636
~
1.268402
1.124196
0.921875
~
1.28901
1.136804
0.913801
~
1.256878
1.116671
0.928372
~
1.262692
1.127566
0.90965
~
1.281085
2.649628
0.922157
~
1.230545
1.129932
0.960822
~
1.307016
1.159304
0.937924
~
1.290505
1.155929
0.927127
~
1.293976
1.158366
0.929629
~
1.303352
1.181617
0.933889
~
1.293739
1.114791
0.913647
~
1.280889
1.103129
0.931086
~
1.274244
1.096565
0.898226
~
1.28077
1.138489
0.923666
~
1.294873
1.111982
0.965078
~
1.30451
1.106397
0.938926
~
1.314418
1.129833
0.921076
~
1.29933
1.158616
0.935419
~
1.290514
1.113772
0.891014
~
1.235854
1.098768
0.91639
~
1.263363
1.124928
0.954009
~
1.297859
1.109883
0.930393
~
1.232251
1.093807
0.927983
~
1.255365
1.101293
0.910002
~
1.258126
1.128164
0.922144
~
1.275096
1.101053
0.908881
~
1.269061
1.122156
0.899702
~
0.03435
0.032881
0.03047
0.028182
0.026255
0.024098
0.022957
0.02059
0.017687
0.016039
0.014137
0.012087
~
0.034834
0.03258
0.030466
0.028262
0.026351
0.024527
0.022604
0.020019
0.018146
0.016248
0.013948
0.01198
~
0.034201
0.032227
0.030287
0.02805
0.0263
0.02423
0.022309
0.019909
0.017915
0.015965
0.014263
0.01206
~
0.034503
0.032614
0.030417
0.02825
0.026373
0.02405
0.021816
0.019299
0.017354
0.015457
0.013672
0.011612
~
0.033395
0.03204
0.031017
0.027731
0.026412
0.024802
0.022562
0.0202
0.018182
0.016171
0.014439
0.012129
~
0.03516
0.032725
0.029981
0.028047
0.026196
0.024302
0.022398
0.019812
0.018102
0.016191
0.014185
0.012278
~
0.034477
0.032317
0.030625
0.028605
0.026655
0.024707
0.022769
0.020184
0.01823
0.016428
0.014465
0.012209
~
0.034851
0.032691
0.03044
0.028423
0.026685
0.024728
0.022752
0.019976
0.018211
0.016515
0.01402
0.012442
~
0.034551
0.032456
0.030164
0.027885
0.025728
0.025374
0.023316
0.020868
0.018887
0.018083
0.01446
0.012629
~
0.033725
0.034894
0.032684
0.03057
0.028578
0.026179
0.023505
0.020023
0.017054
0.016548
0.014175
0.012435
~
0.036274
0.03232
0.030221
0.028054
0.027131
0.024933
0.024455
0.022006
0.018958
0.018697
0.014314
0.012512
~
0.034904
0.036455
0.034183
0.030041
0.026821
0.024879
0.024707
0.021643
0.018425
0.016252
0.014532
0.012079
~
0.035724
0.034832
0.032931
~
0.034733
0.034647
0.032641
0.028135
0.02574
0.02369
0.023631
0.020893
0.018877
0.017609
0.015944
0.014572
~
0.035422
0.034769
0.032614
0.028861
0.026667
0.024054
0.02274
0.020142
0.017955
0.016382
0.013948
0.012415
~
0.034891
0.032767
0.031476
0.026651
0.025112
0.026758
0.026458
0.021328
0.018576
0.016775
0.014808
0.014162
~
0.032583
0.030313
0.028437
0.026489
0.024838
0.026574
0.024112
0.019608
0.017918
0.016125
0.014028
0.012062
~
0.034262
0.032461
0.032754
0.028494
0.028761
0.026013
0.021816
0.018811
0.017005
0.015059
0.013243
0.011303
~
0.032534
0.030389
0.028401
0.026392
0.024715
0.022799
0.020895
0.018551
0.016682
0.014856
0.012962
0.01439
~
0.036916
0.035021
0.032817
0.030364
0.028358
0.025845
0.026073
0.022025
0.01852
0.016822
0.01324
0.011653
~
0.032599
0.032057
0.03129
0.031324
0.026482
0.02449
0.022336
0.020115
0.018201
0.015898
0.014116
0.01264
~
0.03469
0.030847
0.031948
0.030775
0.026616
0.023206
0.021198
0.018552
0.016664
0.016787
0.014492
0.013574
~
0.03641
0.034463
0.033757
0.02911
0.026815
0.024704
0.023126
0.020453
0.018603
0.016655
0.014568
0.012507
~
0.034778
0.032783
0.030694
0.028684
0.026792
0.025578
0.024686
0.020365
0.018822
0.018595
0.015942
0.014055
~
0.036652
0.034564
0.032461
0.030155
0.028173
0.026361
0.023407
0.020764
0.018849
0.017249
0.015718
0.012896
~
0.035332
0.032087
0.032896
0.030272
0.026542
0.024609
0.022203
0.019812
0.018005
0.016284
0.014286
0.012537
~
0.03481
0.032722
0.030946
0.028616
0.026994
0.024662
0.023405
0.020463
0.018652
0.016568
0.014398
0.012677
~
0.034911
0.032687
0.030537
0.028551
0.026567
0.024653
0.022698
0.020869
0.017172
0.015643
0.012989
0.011412
~
0.03271
0.030679
0.028788
0.028452
0.027028
0.025314
0.022781
0.021098
0.019485
0.016658
0.014728
0.01237
~
0.035323
0.03373
0.032854
0.026746
0.028493
0.027803
0.023316
0.01889
0.020212
0.018037
0.016178
0.014062
~
1.326898
1.146594
0.963952
~
1.328523
1.129278
0.969415
~
1.299321
1.116551
0.893626
~
1.287861
1.087559
0.92901
~
1.29282
1.067797
0.904903
~
1.309963
1.144734
0.920794
~
1.259426
1.113523
0.927062
~
1.258153
1.120466
0.910829
~
1.306213
1.13978
0.902645
~
1.282171
1.152901
0.900557
~
1.327082
1.149602
0.905668
~
1.274874
1.147129
0.894102
~
1.29817
1.125306
0.926377
~
1.295292
1.120695
0.946798
~
1.308629
1.139391
0.923267
~
1.319734
1.191223
0.958504
~
1.322475
1.196381
0.927631
~
1.308597
1.179007
0.94556
~
1.258976
1.164262
0.916901
~
1.274896
1.136791
0.948177
~
1.318779
1.17133
0.975157
~
1.282501
1.175694
0.951598
~
1.303518
1.165123
0.923395
~
1.32462
1.131502
0.924807
~
1.326226
1.103194
0.949125
~
1.304916
1.169067
0.899495
~
1.314682
1.165156
0.892476
~
1.283469
1.10976
0.944743
~
1.32803
1.154536
0.953082
~
1.344323
1.147491
0.928014
~
1.311019
1.173433
0.910507
0.726639
~
1.29949
1.155476
0.980599
0.732752
~
1.279432
1.22348
0.987078
0.789463
~
1.293612
1.120934
0.992441
0.808566
~
1.348766
1.196957
0.996132
0.785235
~
1.255525
1.154576
0.880091
0.748016
~
1.241191
1.236622
0.952604
0.818707
~
1.311858
1.165066
0.958611
0.74004
~
1.298328
1.140202
0.960986
0.757695
~
1.283809
1.156557
0.945855
0.757932
~
1.253257
1.178873
0.975097
0.748916
~
1.284032
1.197808
0.958929
0.751195
~
1.301073
1.192192
0.925119
0.794528
~
1.340173
1.2026
0.986423
0.74726
~
1.271542
1.135742
1.004168
0.78277
~
1.301567
1.152696
0.942943
0.77429
~
1.319992
1.179406
0.974078
0.736934
~
1.294994
1.158864
0.918487
0.725121
~
1.267103
1.138878
0.985555
0.80648
~
1.259537
1.1845
0.996758
0.765935
~
1.309346
1.219051
1.005288
0.766327
~
1.28437
1.165516
0.956317
0.777861
~
1.332129
1.159632
0.978697
0.768897
~
1.290857
1.192975
0.986522
0.72984
~
1.244383
1.162983
0.990932
0.809971
~
1.278607
1.213191
1.002783
0.782401
~
1.293675
1.220835
1.008819
0.765239
~
1.343142
1.182276
0.962348
0.810418
~
1.28627
1.183985
0.983057
0.822584
~
1.311146
1.20335
0.990911
0.767705
~
1.287488
1.154981
0.960284
~
1.345726
1.154473
0.963103
~
1.293948
1.145792
0.941912
~
1.31307
1.132295
0.990805
~
1.348731
1.147332
0.969812
~
1.316942
1.158911
0.982832
~
1.337291
1.158016
0.972803
~
1.352164
1.158231
0.958281
~
1.285828
1.163034
0.924771
~
1.352876
1.1667
0.929524
~
1.29862
1.114137
0.915465
~
1.295825
1.182154
0.954037
~
1.325379
1.160725
0.948559
~
1.286428
1.163608
0.951352
~
1.306141
1.186777
0.958854
~
1.350406
1.140477
0.974738
~
1.33959
1.145783
0.934191
~
1.285327
1.112491
0.956262
~
1.337921
1.109619
0.9406
~
1.303703
1.188017
0.96244
~
1.333233
1.119467
0.934477
~
1.331445
1.165324
0.974952
~
1.329811
1.16798
0.921053
~
1.281094
1.157971
0.975762
~
1.329754
1.138628
0.964575
~
1.299659
1.147438
0.941923
~
1.325049
1.172051
0.929558
~
1.289783
1.11201
0.930397
~
1.284088
1.151736
0.943247
~
1.30076
1.147538
0.942382
~
1.351149
1.110985
0.954314
~
1.353469
1.165544
0.941244
~
1.3266
1.150118
0.989387
~
1.36648
1.110543
0.946419
~
1.368864
1.163826
0.918775
~
1.359042
1.176879
0.937394
~
1.31749
1.097917
0.923759
~
1.301162
1.149489
0.958773
~
1.348974
1.101941
0.921502
~
1.309397
1.09949
0.930213
~
1.308161
1.169044
0.976084
~
1.321003
1.121102
0.930713
~
1.318353
1.13373
0.914102
~
1.300755
1.124582
0.993435
~
1.370897
1.148456
0.952693
~
1.296681
1.097013
0.917039
~
1.293925
1.135108
0.925518
~
1.307318
1.109317
0.925074
~
1.297306
1.152968
0.921596
~
1.29396
1.125786
0.95403
~
1.358853
1.118126
0.934843
~
1.310521
1.109473
0.916562
~
1.305336
1.090754
0.970473
~
1.303431
1.11382
0.931337
~
1.295426
1.094158
0.912719
~
1.302101
1.110128
0.919193
~
1.30403
1.121369
0.927284
~
1.339436
1.170134
0.927388
~
1.304255
1.123921
0.920524
~
1.301655
1.114642
0.927593
~
0.034086
0.032633
0.030687
0.02825
0.026411
0.024519
0.022861
0.020501
0.018616
0.016638
0.014583
0.01276
~
0.03513
0.033207
0.031025
0.028794
0.027112
0.025296
0.023398
0.020596
0.01884
0.016934
0.014709
0.01307
~
0.035145
0.033004
0.030626
0.028728
0.026783
0.024945
0.023029
0.019987
0.018055
0.016185
0.014189
0.012286
~
0.036097
0.033872
0.031874
0.029817
0.027928
0.026434
0.023998
0.021489
0.019705
0.018195
0.016066
0.014146
~
0.036865
0.034862
0.03268
0.030294
0.028273
0.026296
0.024093
0.021689
0.019658
0.017863
0.015929
0.014154
~
0.036419
0.034564
0.032403
0.029226
0.027156
0.025346
0.023799
0.021356
0.019572
0.01738
0.015419
0.01376
~
0.035712
0.034071
0.03267
0.030271
0.028472
0.026414
0.024168
0.021869
0.019757
0.018118
0.015961
0.014155
~
0.036664
0.034605
0.032382
0.030256
0.028431
0.026215
0.023943
0.021646
0.019557
0.017799
0.015862
0.013637
~
0.035072
0.033571
0.031973
0.030085
0.027751
0.025706
0.023495
0.021406
0.019636
0.017774
0.015672
0.013916
~
0.036862
0.034991
0.032725
0.030538
0.028401
0.026267
0.023972
0.021638
0.019611
0.017899
0.016037
0.013985
~
0.036475
0.034562
0.032301
0.030205
0.027299
0.025279
0.023528
0.021429
0.019165
0.017834
0.015451
0.013961
~
0.035861
0.034614
0.032631
0.030338
0.028473
0.026375
0.02406
0.02182
0.019682
0.018024
0.015997
0.014082
~
0.036855
0.034468
0.032458
0.030213
0.028307
0.026191
0.023994
0.020981
0.018859
0.017228
0.015574
0.013923
~
0.036046
0.033992
0.031946
0.030127
0.028413
0.026144
0.024166
0.021747
0.019797
0.018097
0.016082
0.014089
~
0.036884
0.03459
0.032509
0.030322
0.028305
0.026157
0.023854
0.021512
0.019586
0.01734
0.01519
0.013369
~
0.035986
0.034153
0.032051
0.029787
0.028217
0.026198
0.023834
0.021797
0.019808
0.018175
0.015952
0.014127
~
0.036675
0.034697
0.032547
0.030294
0.028296
0.026293
0.023958
0.021513
0.019643
0.017314
0.015159
0.013427
~
0.035708
0.034068
0.031796
0.029497
0.028266
0.026135
0.024148
0.021762
0.019764
0.0181
0.015948
0.014102
~
0.036987
0.034661
0.032407
0.030229
0.028336
0.026304
0.023945
0.020949
0.018867
0.01769
0.015452
0.013681
~
0.035911
0.034122
0.032512
0.030198
0.028242
0.026494
0.024122
0.021874
0.019737
0.018144
0.016062
0.014036
~
0.036738
0.034729
0.03249
0.030214
0.027521
0.025373
0.023253
0.021398
0.019513
0.017493
0.015806
0.01357
~
0.036817
0.034639
0.03288
0.030415
0.028469
0.026364
0.024084
0.021724
0.019629
0.018046
0.016166
0.014
~
0.036475
0.033227
0.031494
0.029421
0.027447
0.02572
0.024097
0.021434
0.019674
0.018095
0.016002
0.014138
~
0.036868
0.034815
0.0327
0.030283
0.028288
0.026352
0.023428
0.021222
0.018002
0.016958
0.014379
0.012791
~
0.034376
0.032733
0.030638
0.028936
0.027239
0.025306
0.02331
0.020692
0.018971
0.016875
0.014764
0.01297
~
0.035151
0.031927
0.030093
0.028211
0.026846
0.024839
0.023227
0.020437
0.018754
0.016964
0.014841
0.013004
~
0.035583
0.03391
0.03079
0.028838
0.027174
0.024452
0.022763
0.02053
0.018483
0.016404
0.014548
0.012445
~
0.035014
0.032887
0.031086
0.028864
0.027067
0.025294
0.023434
0.020702
0.01902
0.0163
0.014395
0.012422
~
0.034259
0.032303
0.03041
0.0286
0.027087
0.025334
0.02335
0.02073
0.018901
0.016967
0.014786
0.014016
~
0.035926
0.033945
0.031953
0.029848
0.028297
0.026205
0.024013
0.021908
0.019837
0.018166
0.016165
0.014295
~
1.343052
1.148217
0.965882
~
1.276443
1.131388
0.924133
~
1.282704
1.123254
0.933326
~
1.281392
1.117578
0.910633
~
1.278131
1.110584
0.916788
~
1.283558
1.190378
0.930887
~
1.278509
1.149134
0.973482
~
1.317229
1.111356
0.933235
~
1.27804
1.112862
0.931556
~
1.273992
1.108641
0.922654
~
1.281253
1.208532
0.934075
~
1.298821
1.17372
0.924115
~
1.276123
1.112349
0.923022
~
1.277412
1.138536
0.932186
~
1.280643
1.107637
0.931956
~
1.34139
1.137715
0.923315
~
1.316937
1.175422
0.978475
~
1.340612
1.149123
0.921505
~
1.266327
1.130414
0.932569
~
1.273372
1.107954
0.928246
~
1.289193
1.128228
0.934003
~
1.27655
1.134555
0.925059
~
1.272561
1.104828
0.933656
~
1.278999
1.111553
0.929255
~
1.276951
1.117361
0.926363
~
1.307005
1.125533
0.926382
~
1.276283
1.128956
0.921375
~
1.276497
1.158638
0.954214
~
1.278962
1.14428
0.964146
~
1.309933
1.108159
0.932304
~
1.283677
1.184216
0.939876
~
1.284746
1.180537
0.941896
~
1.278346
1.10501
0.911037
~
1.285738
1.124863
0.917556
~
1.28535
1.126559
0.967761
~
1.33102
1.12254
0.935314
~
1.32068
1.195445
0.952698
~
1.300848
1.111653
0.932518
~
1.286979
1.130074
0.917954
~
1.286341
1.134002
0.914417
~
1.286625
1.124858
0.918208
~
1.285301
1.123831
0.915684
~
1.299224
1.117917
0.928721
~
1.289269
1.121836
0.921558
~
1.290813
1.173218
0.966671
~
1.320441
1.134333
0.916128
~
1.346524
1.163428
0.972268
~
1.311261
1.098381
0.917074
~
1.274917
1.107768
0.916899
~
1.276922
1.151076
0.91811
~
1.286726
1.136049
0.915354
~
1.292154
1.130014
0.939328
~
1.278099
1.167714
0.923011
~
1.288257
1.125118
0.928814
~
1.28337
1.138052
0.927293
~
1.343117
1.195011
0.951394
~
1.303971
1.175923
0.969054
~
1.317237
1.120171
0.918192
~
1.29409
1.190874
0.965871
~
1.344059
1.17885
0.970822
~
1.370817
1.187224
0.966696
~
1.366839
1.199664
0.970563
~
1.370578
1.171421
0.921318
~
1.362598
1.160563
1.009736
0.786178
~
1.307124
1.12607
0.921282
~
1.32573
1.151884
0.92592
~
1.312309
1.138134
0.957619
~
1.313135
1.116653
0.924214
~
1.310108
1.125869
0.949452
~
1.360534
1.166232
0.951528
~
1.346813
1.132102
0.919532
~
1.339684
1.16466
1.054683
0.778546
~
1.327161
1.121679
0.934777
~
1.318722
1.137082
0.920697
~
1.303633
1.123862
0.931427
~
1.33961
1.195862
0.971133
~
1.364688
1.196093
0.927343
~
1.308304
1.124408
0.92479
~
1.307528
1.115674
0.913637
~
1.324786
1.156495
0.971148
~
1.364983
1.162932
0.961918
~
1.308978
1.109604
0.917495
~
1.306645
1.164766
0.962631
~
1.363296
1.198874
0.963569
~
1.310525
1.128804
0.94424
~
1.311084
1.161956
0.953777
~
1.353704
1.114085
0.957095
~
1.311347
1.101307
0.914398
~
1.317324
1.188611
1.025215
0.799659
~
1.364932
1.133359
0.929061
~
1.31643
1.1163
0.955461
~
1.269777
1.066621
0.874561
~
1.265837
1.085427
0.896457
~
1.270939
1.104693
0.92185
~
1.280548
1.119553
0.977971
~
1.319518
1.085759
0.9446
~
1.324213
1.099599
0.897868
~
1.271832
1.074713
0.897027
~
1.222885
1.038932
0.88364
~
1.223542
1.037458
0.892928
~
1.268221
1.134114
0.929518
~
1.27913
1.094613
0.928824
~
1.328704
1.093818
0.882236
~
1.317892
1.07144
0.905697
~
1.272181
1.088482
0.892518
~
1.267566
1.071134
0.883194
~
1.318976
1.112501
0.977777
~
1.326141
1.105747
0.882886
~
1.266924
1.061893
0.893011
~
1.29907
1.105301
0.887827
~
1.312936
1.09906
0.906006
~
1.271325
1.061997
0.889447
~
1.272071
1.088782
0.87764
~
1.283102
1.065301
0.90508
~
1.274427
1.077981
0.943704
~
1.294871
1.145677
0.933766
~
1.263527
1.089809
0.959264
~
1.3202
1.071909
0.870444
~
1.269599
1.075886
0.898022
~
1.279749
1.085462
0.944374
~
1.363027
1.153779
0.983634
~
1.331751
1.098948
0.940082
~
1.305848
1.097643
0.992044
~
1.362687
1.161165
0.935536
~
1.296735
1.085777
0.893367
~
1.309972
1.094445
0.92626
~
1.33052
1.094161
0.926062
~
1.362055
1.138367
0.978557
~
1.362404
1.103433
0.956396
~
1.36464
1.149353
0.954726
~
1.295477
1.1149
0.922765
~
1.311987
1.091899
0.929581
~
1.333338
1.153079
0.939938
~
1.303903
1.093906
0.931066
~
1.303968
1.091855
0.923781
~
1.296385
1.080298
0.96299
~
1.326686
1.128257
0.969843
~
1.349464
1.146235
0.947818
~
1.294453
1.096714
0.945034
~
1.305941
1.094723
0.950455
~
1.327127
1.142263
0.981048
~
1.361598
1.145249
0.94003
~
1.30499
1.089557
0.92855
~
1.286944
1.047097
0.92248
~
1.308096
1.104558
0.898294
~
1.323322
1.082819
0.907893
~
1.313461
1.082408
0.935638
~
1.301439
1.107399
0.941634
~
1.302167
1.078069
0.878025
~
1.342541
1.143331
0.97997
~
0.034819
0.033247
0.031981
0.029334
0.027451
0.025224
0.023011
0.021308
0.019147
0.017453
0.015392
0.013841
~
0.036394
0.034327
0.032255
0.029912
0.027988
0.025994
0.023623
0.021291
0.019271
0.017473
0.015512
0.013747
~
0.036155
0.033743
0.031025
0.02926
0.027096
0.025567
0.023341
0.021166
0.018738
0.017401
0.01523
0.013575
~
0.036336
0.0344
0.032238
0.030093
0.027954
0.025953
0.023504
0.021297
0.019272
0.017692
0.015438
0.013691
~
0.036504
0.034195
0.031041
0.029183
0.027167
0.025574
0.023322
0.021088
0.018774
0.017452
0.015203
0.013527
~
0.036295
0.034724
0.032284
0.03009
0.028026
0.025961
0.023602
0.021292
0.019358
0.017675
0.015406
0.01358
~
0.036416
0.033273
0.031418
0.029088
0.027191
0.025247
0.023293
0.021301
0.019001
0.017483
0.015504
0.013741
~
0.036496
0.034311
0.0323
0.02986
0.027992
0.025997
0.023542
0.021807
0.019306
0.017613
0.015302
0.013098
~
0.03536
0.033781
0.031699
0.029418
0.027576
0.025646
0.023466
0.021911
0.019459
0.017668
0.015571
0.013693
~
0.036513
0.034368
0.031957
0.029977
0.027969
0.025972
0.022802
0.020678
0.018784
0.017381
0.015039
0.013545
~
0.035525
0.034193
0.030898
0.028748
0.026614
0.024729
0.022664
0.020706
0.018174
0.016161
0.014133
0.012282
~
0.034785
0.032775
0.029634
0.0279
0.026085
0.024366
0.022226
0.020682
0.018456
0.016466
0.014636
0.012745
~
0.035151
0.033201
0.03092
0.028828
0.026984
0.025269
0.023021
0.02076
0.018057
0.016378
0.014185
0.012563
~
0.034282
0.032356
0.030925
0.028354
0.027137
0.025183
0.0232
0.021244
0.018781
0.016875
0.014499
0.012975
~
0.035051
0.03201
0.0299
0.027997
0.026323
0.024505
0.022928
0.020352
0.018631
0.016785
0.014789
0.012852
~
0.035249
0.033201
0.030858
0.028756
0.026464
0.024518
0.022893
0.020296
0.018141
0.016566
0.014047
0.012729
~
0.034625
0.033284
0.031086
0.028882
0.027084
0.025162
0.023057
0.020018
0.018152
0.016362
0.014402
0.012367
~
0.034175
0.033113
0.030911
0.028892
0.027123
0.025155
0.023216
0.02111
0.01838
0.016306
0.014081
0.012372
~
0.034137
0.032361
0.030811
0.028789
0.027127
0.025879
0.022661
0.020139
0.018178
0.015812
0.013758
0.012001
~
0.034127
0.032095
0.030286
0.028481
0.026655
0.024765
0.022641
0.0201
0.017806
0.015661
0.014089
0.011762
~
0.034179
0.031918
0.030564
0.028812
0.026627
0.024816
0.022309
0.020014
0.017919
0.015653
0.013778
0.011741
~
0.034165
0.032438
0.030725
0.028776
0.026011
0.024424
0.022295
0.019578
0.018446
0.016516
0.014463
0.012607
~
0.035174
0.032502
0.030334
0.028364
0.026627
0.02489
0.023011
0.020641
0.018569
0.016267
0.014495
0.012255
~
0.034115
0.032339
0.03073
0.028346
0.026754
0.024812
0.022884
0.019996
0.0185
0.016247
0.013988
0.012472
~
0.034278
0.032211
0.030249
0.02866
0.026747
0.024881
0.023182
0.020652
0.018805
0.016793
0.014696
0.012709
~
0.035188
0.033035
0.030878
0.028796
0.026975
0.025113
0.023119
0.020546
0.018708
0.01653
0.014664
0.012763
~
0.03488
0.032796
0.030633
0.028698
0.026924
0.024883
0.022967
0.020276
0.018682
0.016569
0.014435
0.012719
~
0.034777
0.032705
0.029976
0.027816
0.025965
0.024165
0.022304
0.019733
0.017907
0.015964
0.014295
0.012927
~
0.035076
0.031638
0.030874
0.029064
0.027143
0.024965
0.02317
0.019972
0.018536
0.016231
0.014216
0.012267
~
0.034354
0.032825
0.030768
0.028601
0.027227
0.025198
0.023322
0.020645
0.018699
0.016724
0.014744
0.012867
~
1.321535
1.13131
0.906993
~
1.302084
1.079825
0.92759
~
1.304498
1.062017
0.922838
~
1.299085
1.066477
0.920428
~
1.299946
1.062789
0.938832
~
1.300871
1.069522
0.903494
~
1.304992
1.116476
0.939937
~
1.347889
1.130874
0.942177
~
1.306489
1.14691
0.947447
~
1.31385
1.065106
0.936518
~
1.300995
1.073534
0.879864
~
1.303092
1.082158
0.929455
~
1.336041
1.110601
0.955258
~
1.356599
1.131205
0.953951
~
1.360057
1.105854
0.954021
~
1.339997
1.121413
0.961149
~
1.330269
1.081866
0.946947
~
1.309496
1.063032
0.921849
~
1.312615
1.069438
0.926362
~
1.299452
1.071561
0.929725
~
1.303616
1.100062
0.875268
~
1.303884
1.055184
0.874065
~
1.286284
1.066501
0.905671
~
1.287701
1.058044
0.912988
~
1.310945
1.056139
0.872907
~
1.313679
1.070257
0.909744
~
1.302601
1.088011
0.937679
~
1.31959
1.063753
0.897687
~
1.300202
1.111512
0.924985
~
1.299054
1.059211
0.903229
~
1.330065
1.113006
0.92266
~
1.300338
1.119894
0.913832
~
1.287151
1.098946
0.964168
~
1.334931
1.12462
0.917936
~
1.306342
1.104465
0.92217
~
1.301088
1.074099
0.938553
~
1.303445
1.12252
0.923521
~
1.303471
1.145011
0.983975
~
1.338512
1.099404
0.902151
~
1.292505
1.077804
0.910976
~
1.316599
1.061732
0.912085
~
1.300056
1.052214
0.909215
~
1.312313
1.056201
0.920712
~
1.307577
1.163425
0.966935
~
1.355458
1.166823
0.957801
~
1.349827
1.11974
0.962918
~
1.287477
1.098131
0.917083
~
1.301341
1.122447
0.924387
~
1.330788
1.114284
0.959345
~
1.35596
1.128792
0.946469
~
1.323713
1.066733
0.881695
~
1.299668
1.107476
0.926101
~
1.300962
1.112568
0.943307
~
1.309989
1.324423
0.931812
~
1.299875
1.083292
0.932381
~
1.353844
1.079063
0.877361
~
1.358168
1.105885
0.976835
~
1.367342
1.135945
0.966581
~
1.373835
1.131567
0.946453
~
1.327021
1.077078
0.922289
~
1.252795
1.118755
1.191799
~
1.361993
1.213587
0.971954
~
1.311145
1.080841
0.89556
~
1.261944
1.11172
0.905594
~
1.265518
1.122699
0.872199
~
1.274717
1.097116
0.926288
~
1.263203
1.099976
0.911492
~
1.264162
1.088984
0.904742
~
1.263809
1.099254
0.932372
~
1.273872
1.118452
0.925179
~
1.278167
1.094655
0.887132
~
1.259794
1.117371
0.893897
~
1.267947
1.124779
0.913424
~
1.246566
1.073869
0.902935
~
1.263897
1.093018
0.862024
~
1.224939
1.111953
0.908899
~
1.282609
1.120872
0.911429
~
1.261984
1.152476
0.944344
~
1.227489
1.107389
0.915245
~
1.265357
1.096924
0.887414
~
1.235569
1.110929
0.885409
~
1.264785
1.110604
0.891753
~
1.253194
1.086172
0.920003
~
1.268853
1.112747
0.905809
~
1.219874
1.111305
0.907613
~
1.274764
1.071423
0.920556
~
1.297478
1.125821
0.93363
~
1.251698
1.110257
0.887053
~
1.270183
1.132305
0.89817
~
1.255576
1.127616
0.913438
~
1.315838
1.148975
0.926079
~
1.28937
1.153444
0.941627
~
1.280801
1.100409
0.93243
~
1.314014
1.137385
0.934923
~
1.276517
1.171205
0.938047
~
1.308662
1.110024
0.894821
~
1.303149
1.130345
0.928744
~
1.275541
1.14285
0.936631
~
1.302852
1.132177
0.943555
~
1.303338
1.129729
0.932153
~
1.3039
1.094167
0.885916
~
1.297503
1.139646
0.923844
~
1.287253
1.098024
0.9232
~
1.296105
1.121339
0.915245
~
1.308651
1.131119
0.910856
~
1.287295
1.154482
0.941643
~
1.306432
1.143662
0.915687
~
1.311288
1.129205
0.931435
~
1.304922
1.150994
0.931101
~
1.301714
1.151946
0.94065
~
1.309854
1.15642
0.933077
~
1.31036
1.136101
0.931241
~
1.293634
1.135162
0.942334
~
1.303821
1.137767
0.91028
~
1.294827
1.143832
0.936192
~
1.306084
1.146832
0.906406
~
1.289449
1.122627
0.954799
~
1.30331
1.136501
0.913846
~
1.316904
1.139638
0.936478
~
1.306078
1.143576
0.918234
~
1.277956
1.136486
0.962477
~
1.27755
1.124375
0.933746
~
1.281764
1.130728
0.951491
~
1.289259
1.122447
0.976394
~
1.295866
1.112771
0.942758
~
1.278887
1.137771
0.985633
~
1.27787
1.102548
0.938943
~
1.295387
1.128452
0.976319
~
1.295366
1.133201
0.972333
~
1.282737
1.125728
0.937803
~
1.238252
1.056326
0.921171
~
1.292373
1.138041
0.984213
~
1.296183
1.126234
0.934451
~
1.293961
1.125783
0.938825
~
1.290915
1.127039
0.984261
~
1.288374
1.128598
0.933766
~
1.291966
1.126497
0.939288
~
1.291696
1.131683
0.928831
~
1.292437
1.113592
0.933512
~
1.287455
1.128464
0.988026
0.027903
0.025908
0.024385
0.022576
0.020655
0.018393
0.016508
0.014454
0.012397
~
1.287276
1.13986
0.928886
~
1.293664
1.12679
0.991968
~
1.291301
1.136614
0.980658
~
1.294831
1.135242
0.996015
0.028786
0.026252
0.024264
0.022617
0.020783
0.018329
0.01656
0.014457
0.012549
~
1.288128
1.132408
0.960875
~
1.29451
1.133336
0.92224
~
1.283505
1.133021
0.938625
~
1.289728
1.108053
0.977323
~
1.297218
1.104492
0.956722
0.75979
~
1.288562
1.178271
0.934684
~
1.290584
1.125604
0.903973
~
1.284568
1.106671
0.920958
~
1.287486
1.1652
0.921564
~
1.286086
1.125877
0.912942
~
1.291565
1.105994
0.907094
~
1.295579
1.128142
0.935216
~
1.299874
1.113219
0.932666
~
1.287794
1.090371
0.905828
~
1.280094
1.102516
0.921156
~
1.283339
1.095533
0.934532
~
1.270863
1.165915
0.921932
~
1.286075
1.145569
0.929115
~
1.289377
1.107235
0.897253
~
1.286296
1.129733
0.90487
~
1.302299
1.104881
0.90472
~
1.303771
1.095219
0.917833
~
1.275209
1.120821
0.937143
~
1.290152
1.106609
0.911601
~
1.278896
1.106929
0.921992
~
1.281802
1.132014
0.931796
~
1.274599
1.10974
0.912588
~
1.273169
1.120072
0.929756
~
1.270502
1.110158
0.911002
~
1.289459
1.116127
0.926971
~
1.298151
1.094783
0.908104
~
1.279691
1.095858
0.906585
~
1.282537
1.118458
0.905324
~
1.294874
1.107498
0.903976
~
1.269341
1.106971
0.912929
~
1.28359
1.131678
0.932766
~
0.034695
0.032504
0.030373
0.028568
0.026772
0.024825
0.02291
0.020766
0.018524
0.01644
0.014553
0.012467
~
0.03464
0.032616
0.892283
~
0.034173
0.03199
0.030114
0.028013
0.026539
0.024557
0.02264
0.020742
0.018564
0.016613
0.014494
0.012544
~
0.034791
0.032748
0.030749
~
0.034566
1.112613
0.918436
~
0.033438
0.032516
0.029872
0.028463
0.025968
0.024479
0.022633
0.020443
0.017966
0.016319
0.014208
0.012229
~
0.034418
0.032592
0.892111
~
0.034679
0.03265
0.903024
~
0.033889
0.031371
0.029226
~
0.033057
0.032245
0.030202
~
0.033557
0.031697
0.029507
0.027506
0.025903
0.024016
0.022407
0.020515
0.018166
0.016192
0.014121
0.012145
~
0.034375
0.033973
0.928922
0.028253
0.026242
0.024306
0.022639
0.020522
0.018033
0.016222
0.014063
0.011994
~
0.034471
0.034033
0.030339
0.028729
0.026649
0.024635
0.022728
0.020767
0.018594
0.016316
0.014189
0.012609
~
0.033662
0.03137
0.029414
~
0.034033
0.032516
0.905936
~
0.034057
0.032447
0.029734
0.027904
0.026211
0.024483
0.022835
0.020547
0.018266
0.016333
0.014579
0.012541
~
0.03485
0.032607
0.030717
0.028543
0.026683
0.024943
0.022898
0.020693
0.018469
0.016349
0.014241
0.012633
~
0.034572
0.033927
0.030722
0.028194
0.025805
0.023802
0.02201
0.020453
0.018352
0.015859
0.013956
0.011982
~
0.033772
0.031918
0.030492
0.028217
0.026622
0.024699
0.022797
0.020793
0.018418
0.016292
0.014227
0.012429
~
0.034607
0.032458
0.030441
0.028458
0.026523
0.024713
0.022809
0.020692
0.018281
0.016093
0.01436
0.011882
~
0.033284
0.031492
0.030134
~
0.0342
0.03187
0.030025
0.027927
0.026313
0.024421
0.022562
0.02071
0.018374
0.016382
0.01431
0.012333
~
0.034547
1.114742
0.929342
~
0.034052
0.031877
0.029941
0.028299
0.026361
0.024837
0.022865
0.020792
0.018382
0.016367
0.014278
0.012348
~
0.034602
0.032591
0.030526
0.028335
0.026382
0.024577
0.022485
0.019983
0.017741
0.016054
0.013731
0.012152
~
0.033817
0.031982
0.959728
~
0.03459
0.032326
0.030522
~
0.033456
0.031815
0.889779
~
0.034644
0.032579
0.030477
0.028292
0.026033
0.024086
0.022322
0.020177
0.018136
0.015832
0.013925
0.011957
~
0.034403
0.032434
0.03064
0.028458
0.026672
0.024674
0.022756
0.020685
0.018268
0.016381
0.013744
0.012505
~
1.297985
1.112621
0.922853
~
1.299521
1.108223
0.910815
~
1.318436
1.105458
0.916156
~
1.289531
1.108965
0.905013
~
1.290023
1.120527
0.903817
~
1.298129
1.12621
0.906023
~
1.292502
1.107242
0.897048
~
1.286516
1.131414
0.893276
~
1.287404
1.090932
0.890357
~
1.28365
1.136223
0.906896
~
1.304513
1.114195
0.90524
~
1.288983
1.086808
0.90171
~
1.286468
1.097238
0.901559
~
1.286187
1.103119
0.912447
~
1.317492
1.124029
0.910465
~
1.31527
1.095061
0.894451
~
1.300159
1.13353
0.912191
~
1.280923
1.097469
0.901818
~
1.297386
1.11394
0.911596
~
1.296686
1.128717
0.912306
~
1.301739
1.101317
0.904368
~
1.28589
1.126606
0.908364
~
1.297937
1.159818
0.906312
~
1.306795
1.123692
0.907068
~
1.2953
1.098888
0.915452
~
1.295721
1.095249
0.903448
~
1.28998
1.099913
0.899833
~
1.292315
1.098529
0.907076
~
1.288546
1.110468
0.900413
~
1.300173
1.115434
0.907888
~
1.319646
1.110549
0.928848
~
1.319703
1.094427
0.908293
~
1.306667
1.079286
0.875892
~
1.325207
1.09427
0.879376
~
1.30724
1.099569
0.879356
~
1.317626
1.087505
0.944701
~
1.306042
1.088151
0.911769
~
1.310801
1.084923
0.889041
~
1.323118
1.10001
0.894987
~
1.317605
1.104137
0.894809
~
1.316378
1.088675
0.91863
~
1.31854
1.099363
0.874658
~
1.319656
1.094335
0.886457
~
1.328913
1.114071
0.892139
~
1.32077
1.097293
0.906964
~
1.299759
1.101423
0.924051
~
1.315063
1.094434
0.88751
~
1.309217
1.090658
0.880659
~
1.316825
1.087426
0.895165
~
1.318796
1.113948
0.922882
~
1.316634
1.102179
0.883578
~
1.319239
1.099147
0.89508
~
1.317127
1.130323
0.918496
~
1.318366
1.094731
0.910458
~
1.303787
1.081031
0.940978
~
1.317053
1.090986
0.914218
~
1.306566
1.107267
0.925036
~
1.317908
1.096058
0.895397
~
1.316978
1.103512
0.870296
~
1.306854
1.086844
0.920254
~
1.269572
1.111971
0.917125
~
1.264429
1.111279
0.90018
~
1.262161
1.096856
0.909853
~
1.2799
1.107715
0.91041
~
1.279129
1.106791
0.922721
~
1.264923
1.096764
0.905736
~
1.27633
1.122944
0.919858
~
1.264199
1.118199
0.902386
~
1.2627
1.116808
0.92378
~
1.267351
1.126324
0.953044
0.755076
~
1.29822
1.129867
0.938307
~
1.272326
1.10628
0.916023
~
1.288127
1.101948
0.973052
0.767093
~
1.262024
1.119943
0.979735
0.76134
~
1.280125
1.108733
0.924316
~
1.275356
1.121715
0.913484
~
1.27492
1.133468
0.912888
~
1.272554
1.108947
0.920185
~
1.27298
1.112668
0.949647
0.753146
~
1.26618
1.109861
0.918742
~
1.268164
1.095166
0.915031
~
1.275281
1.119521
0.92468
~
1.270556
1.11815
0.91662
~
1.27616
1.100402
0.912668
~
1.276782
1.13252
0.904591
~
1.272692
1.109107
0.908355
~
1.293362
1.094972
0.91445
~
1.269031
1.101816
0.956349
0.775224
~
1.265443
1.117227
0.909384
~
1.288038
1.128152
0.960249
0.762324
~
