1.5669487714767456
~
0.0025802291929721832
~
0.00011420707596698776
~
0.0,0.0,-0.20921505961831718,
0.03453440536991157,0.2480173530109228,-0.29870800665390296,
0.0633823835608987,0.4181655076395458,-0.4112557465763305,
0.08201842261625805,0.5332903991430604,-0.560740484132728,
0.10214813825621483,0.6085185105810788,-0.7618556943436108,
0.11006386654785257,0.6405890445030016,-1.000000009980333,
0.2,0.1,-0.06062177324335331,
0.14628614059632117,0.28824285602219846,-0.09306432399214158,
0.12357957312671224,0.43533482734521256,-0.13542593014589743,
0.11744113861792196,0.5529061138929113,-0.1920082866842448,
0.12107489521563952,0.647973302388154,-0.27528283472978177,
0.12514273477081625,0.7179121110395587,-0.426502077583868,
0.05,0.5,-0.3294955907602139,
0.08212280702415675,0.6121358170193569,-0.4352830751233379,
0.09960910270737014,0.6804073153574061,-0.57477069982934,
0.11283981493129946,0.7219630002249491,-0.7713360903985963,
0.11995185954758193,0.7349696683762217,-1.0000000099742188,
0.12666148664155524,0.7318331122023458,-1.0000000099959696,
~
0.013098844107798463,
0.018135743554418104,
0.02408706469458488,
0.033215931405113475,
0.038559305593136695,
0.06135483432913491,
0.009894588099161328,
0.010154902016544232,
0.013308042684339494,
0.01964115938346722,
0.023782578459256354,
0.026791736043656034,
0.020818956905217623,
0.022591587594122053,
0.03291415648652829,
0.04345870414861641,
0.06400333660943824,
0.06333946771806298,
~
0.0025802291929721832,0.0025433397373009698,0.00246733535713599,0.0023712804864655956,0.00224376083351617,0.0020844471779433165,0.002542632485768084,0.0025189799449765547,0.0024720965921591464,0.0024175529466322694,0.002359624538400512,0.0022935930728566877,0.002443700093452806,0.0023626692504306,0.002280443412907948,0.0021701511368279933,0.0020291214197582816,0.0020303391055875547,
0.0025433397373009698,0.0025802291929721832,0.002558020833260266,0.0025014355057188095,0.0024031982915441014,0.002259585936048552,0.0025251437956631583,0.0025507663572584436,0.0025438765198901175,0.0025224494720815023,0.0024934476701976667,0.0024544851795872216,0.002546465716541684,0.0025008226841747826,0.0024434816426814354,0.0023523128847281467,0.002220990896485883,0.0022218294055067304,
0.00246733535713599,0.002558020833260266,0.0025802291929721832,0.0025614104983748705,0.0024971801717855588,0.0023792249496299997,0.0024557372842358804,0.0025153794057481953,0.0025385346699687717,0.0025441516541924183,0.0025413131576472775,0.0025313622758560863,0.00257311376309096,0.002560051423614516,0.002529854697257323,0.0024649766763594773,0.002354205173972015,0.002354767763811456,
0.0023712804864655956,0.0025014355057188095,0.0025614104983748705,0.0025802291929721832,0.0025559056548289647,0.002474607227666793,0.0023534410468870016,0.0024357845570263407,0.0024811838111822512,0.0025089314161574664,0.0025301930026897963,0.0025520294331728083,0.0025511758267831386,0.0025687184119716827,0.002568617199219999,0.0025380708878428916,0.0024596287327378684,0.002459980002506735,
0.00224376083351617,0.0024031982915441014,0.0024971801717855588,0.0025559056548289647,0.0025802291929721832,0.0025500350836284704,0.002210313037858272,0.0023059875805586955,0.0023673384314996685,0.0024134903880261484,0.002457823415057991,0.0025154003816911202,0.0024765317241688227,0.0025245829910189267,0.0025592058452426386,0.002573368879891099,0.0025421460182698595,0.002542404598088814,
0.0020844471779433165,0.002259585936048552,0.0023792249496299997,0.002474607227666793,0.0025500350836284704,0.0025802291929721832,0.00202794544292618,0.002127250463504584,0.002196893435197769,0.0022554642574665385,0.0023184255583521955,0.002410026258197993,0.0023433170406863485,0.00241720744996054,0.0024860898940135133,0.0025494573283516946,0.0025755017408519596,0.0025757139056665087,
0.002542632485768084,0.0025251437956631583,0.0024557372842358804,0.0023534410468870016,0.002210313037858272,0.00202794544292618,0.0025802291929721832,0.002559623933839481,0.002515949847209203,0.002462565653853524,0.002401464147386395,0.002320363656171302,0.002449765919121132,0.0023703856658247287,0.002278218652631391,0.002148339153176983,0.0019833190888432516,0.001985340557422865,
0.0025189799449765547,0.0025507663572584436,0.0025153794057481953,0.0024357845570263407,0.0023059875805586955,0.002127250463504584,0.002559623933839481,0.0025802291929721832,0.0025676776884752416,0.002538189371157398,0.0024958645566081393,0.002429174739018798,0.0025230678302062487,0.0024641031870304714,0.0023842003914069433,0.0022606644362994717,0.0020950940005876736,0.0020964173921395697,
0.0024720965921591464,0.0025438765198901175,0.0025385346699687717,0.0024811838111822512,0.0023673384314996685,0.002196893435197769,0.002515949847209203,0.0025676776884752416,0.0025802291929721832,0.002571279652253571,0.002546414362129672,0.0024951873981798375,0.002555517004825149,0.002516458979516563,0.0024503317973439843,0.002336786904963811,0.0021757535533437,0.0021765837845051776,
0.0024175529466322694,0.0025224494720815023,0.0025441516541924183,0.0025089314161574664,0.0024134903880261484,0.0022554642574665385,0.002462565653853524,0.002538189371157398,0.002571279652253571,0.0025802291929721832,0.0025718434485184766,0.0025373598987606565,0.0025664732685831896,0.0025468516311907673,0.002495947700229352,0.0023957791399589257,0.0022438232604019477,0.0022443047127096933,
0.002359624538400512,0.0024934476701976667,0.0025413131576472775,0.0025301930026897963,0.002457823415057991,0.0023184255583521955,0.002401464147386395,0.0024958645566081393,0.002546414362129672,0.0025718434485184766,0.0025802291929721832,0.0025656763132724855,0.002564573343194059,0.0025653490458284215,0.0025327488373499524,0.0024513538318017077,0.0023149373870196546,0.002315175910222237,
0.0022935930728566877,0.0024544851795872216,0.0025313622758560863,0.0025520294331728083,0.0025154003816911202,0.002410026258197993,0.002320363656171302,0.002429174739018798,0.0024951873981798375,0.0025373598987606565,0.0025656763132724855,0.0025802291929721832,0.0025475756421841377,0.002573346554734742,0.002567627482942666,0.002518413854807835,0.002412917831759793,0.002412977682814931,
0.002443700093452806,0.002546465716541684,0.00257311376309096,0.0025511758267831386,0.0024765317241688227,0.0023433170406863485,0.002449765919121132,0.0025230678302062487,0.002555517004825149,0.0025664732685831896,0.002564573343194059,0.0025475756421841377,0.0025802291929721832,0.002567232670442001,0.002530706189767574,0.0024529376168264116,0.0023258547303338273,0.002326082290570506,
0.0023626692504306,0.0025008226841747826,0.002560051423614516,0.0025687184119716827,0.0025245829910189267,0.00241720744996054,0.0023703856658247287,0.0024641031870304714,0.002516458979516563,0.0025468516311907673,0.0025653490458284215,0.002573346554734742,0.002567232670442001,0.0025802291929721832,0.0025674280660207406,0.0025148987434418456,0.0024098700489745164,0.0024099721530326354,
0.002280443412907948,0.0024434816426814354,0.002529854697257323,0.002568617199219999,0.0025592058452426386,0.0024860898940135133,0.002278218652631391,0.0023842003914069433,0.0024503317973439843,0.002495947700229352,0.0025327488373499524,0.002567627482942666,0.002530706189767574,0.0025674280660207406,0.0025802291929721832,0.0025590158202887627,0.002485231376985488,0.0024852386819141465,
0.0021701511368279938,0.0023523128847281467,0.0024649766763594773,0.0025380708878428916,0.002573368879891099,0.0025494573283516946,0.002148339153176983,0.0022606644362994717,0.002336786904963811,0.0023957791399589257,0.0024513538318017077,0.002518413854807835,0.0024529376168264116,0.0025148987434418456,0.0025590158202887627,0.0025802291929721832,0.0025527871994574704,0.002552751484631902,
0.0020291214197582816,0.002220990896485883,0.002354205173972015,0.0024596287327378684,0.0025421460182698595,0.0025755017408519596,0.0019833190888432516,0.0020950940005876736,0.0021757535533437,0.0022438232604019477,0.0023149373870196546,0.002412917831759793,0.0023258547303338273,0.0024098700489745164,0.002485231376985488,0.0025527871994574704,0.0025802291929721832,0.00258020036932346,
0.0020303391055875547,0.0022218294055067304,0.002354767763811456,0.002459980002506735,0.002542404598088814,0.0025757139056665087,0.001985340557422865,0.0020964173921395697,0.0021765837845051776,0.0022443047127096933,0.002315175910222237,0.002412977682814931,0.002326082290570506,0.0024099721530326354,0.0024852386819141465,0.002552751484631902,0.00258020036932346,0.0025802291929721832,
~
